(-1, -1, 0.0)
(-1, -1, 0.0)
(-1, -1, 0.0)
(-1, -1, 0.0)
(-1, -1, 0.0)
(-1, -1, 0.0)
(-1, -1, 0.0)
(-1, -1, 0.0)
(-1, -1, 0.0)
(-1, -1, 0.0)
(-1, -1, 0.0)
(-1, -1, 0.0)
(-1, -1, 0.0)
(-1, -1, 0.0)
(-1, -1, 0.0)
(-1, -1, 0.0)
(-1, -1, 0.0)
(-1, -1, 0.0)
(-1, -1, 0.0)
(-1, -1, 0.0)
(-1, -1, 0.0)
(-1, -1, 0.0)
(-1, -1, 0.0)
(-1, -1, 0.0)
(-1, -1, 0.0)
(-1, -1, 0.0)
(-1, -1, 0.0)
(-1, -1, 0.0)
(-1, -1, 0.0)
(-1, -1, 0.0)
(-1, -1, 0.00011309523809520883)
(-1, 0.94517166761193661, 0.010237075564224193)
(0.55986242665363684, 0.85427212452267365, 0.041222597503848039)
(-1, 0.84118796770871107, 0.084666590515128676)
(-1, 0.84335490681502479, 0.1295971460706842)
(-1, 0.84794290825230823, 0.16995825718179533)
(-1, 0.84881452867403906, 0.19552770162623978)
(-1, 0.84998971774622178, 0.19806936829290647)
(-1, 0.84454422085029612, 0.17666659051512867)
(-1, 0.84291819414744928, 0.14043047940401754)
(-1, 0.8416947985456934, 0.096194368292906438)
(0.55357995628460266, 0.85332220929611502, 0.051259626674054745)
(0.58528261397133408, 0.91408114462909873, 0.018319819726070264)
(-1, -1, 0.0036850777536056338)
(-1, -1, 0.0)
(-1, -1, 0.0)
(-1, -1, 0.0)
(-1, -1, 0.0)
(-1, -1, 0.0)
(-1, -1, 0.0)
(-1, -1, 0.0)
(-1, -1, 0.0)
(-1, -1, 0.0)
(-1, -1, 0.0)
(-1, -1, 0.0)
(-1, -1, 0.0)
(-1, -1, 0.0)
(-1, -1, 0.0)
(-1, -1, 0.0)
(-1, -1, 0.0)
(-1, -1, 0.0)
(-1, -1, 0.0)
(-1, -1, 0.0)
(-1, -1, 0.0)
(-1, -1, 0.0)
(-1, -1, 0.0)
(-1, -1, 0.0)
