[0.055413046971521496, -0.01715129634410778, 0.0302247999160938]
[0.05349030476093242, -0.03190653869450599, 0.06686368880498272]
[0.05278562272701903, -0.03182391994678396, 0.106197022138316]
[0.04903213892934177, -0.030049127301196965, 0.14530813324942712]
[0.046079945634470376, -0.027998812941069207, 0.17890535547164937]
[0.04205667049276407, -0.025866304103818683, 0.20469702213831606]
[0.04234747229542912, -0.024664612935026864, 0.2175025776938716]
[0.043567992091463115, -0.02453445439801627, 0.2149053554716494]
[0.04607718601578603, -0.026130354602400208, 0.1958636888049827]
[0.05013112938288489, -0.029253716633062532, 0.161822022138316]
[0.05675397572823071, -0.026547162853609474, 0.11818313324942714]
[0.06753761747873566, -0.019015062261221183, 0.07064146658276049]
[0.07701616396003141, -0.02793643476913854, 0.026238688804982695]
[0.04296858014070448, -0.04536038937139586, -0.01064082140927139]
