[0.012882517541341343, -0.04463076888035167, 0.030167338355635218]
[0.024841667827556563, -0.057583432411635604, 0.06466733835563523]
[0.035310115595807545, -0.06458424503389243, 0.09962567168896856]
[0.03523433452888888, -0.07221015037764816, 0.13384789391119079]
[0.03990704362626324, -0.07629446654293615, 0.16422289391119077]
[0.04228159616577898, -0.07740038690097861, 0.18773678280007966]
[0.04495180832405335, -0.07931478016182258, 0.20072289391119075]
[0.04803495551698453, -0.08142570477890815, 0.20340344946674632]
[0.047583136561823114, -0.07422882294330202, 0.19287567168896858]
[0.046639054655021744, -0.0704190138240876, 0.17063956057785745]
[0.04268247425565419, -0.07095879770102231, 0.13822289391119075]
[0.042856687073745264, -0.07631453069126826, 0.09957011613341298]
[0.0332391138104447, -0.07984067805272343, 0.059250671688968554]
[0.017190747784110505, -0.07743596933777536, 0.021306227244524113]
[0.0034559348926569977, -0.05839613077970385, -0.0035067304535434385]
