[1030, 789, 790, 859, 916, 1179, 910]
[1030, 789, 790, 861, 916, 1182, 910]
[1032, 790, 789, 860, 916, 1183, 910]
[1029, 789, 790, 860, 916, 1180, 909]
[1030, 790, 789, 860, 916, 1179, 910]
[1031, 789, 789, 860, 916, 1180, 909]
[1030, 792, 789, 860, 915, 1178, 912]
[1029, 790, 789, 861, 915, 1179, 909]
[1029, 789, 790, 860, 916, 1183, 909]
[1031, 790, 789, 860, 916, 1180, 910]
[1031, 790, 789, 861, 917, 1179, 908]
[1032, 790, 789, 860, 916, 1181, 911]
[1031, 789, 790, 860, 915, 1180, 909]
[1030, 790, 790, 860, 917, 1181, 911]
[1029, 790, 790, 861, 916, 1179, 910]
[1032, 791, 790, 861, 916, 1182, 910]
[1029, 790, 789, 861, 915, 1182, 909]
[1028, 790, 789, 860, 916, 1181, 909]
[1032, 789, 789, 860, 915, 1181, 909]
[1028, 791, 789, 860, 915, 1180, 911]
[1029, 789, 789, 863, 917, 1181, 909]
[1030, 789, 790, 859, 916, 1182, 910]
[1030, 790, 790, 861, 916, 1183, 912]
[1032, 790, 790, 859, 915, 1183, 910]
[1032, 790, 789, 861, 916, 1182, 910]
[1034, 790, 789, 861, 917, 1181, 912]
[1032, 789, 790, 860, 917, 1181, 911]
[1032, 790, 791, 861, 917, 1184, 912]
[1034, 792, 792, 863, 919, 1186, 914]
[1034, 792, 793, 863, 923, 1188, 914]
[1036, 794, 795, 862, 927, 1195, 916]
[1041, 798, 797, 866, 934, 1206, 917]
[1044, 802, 804, 867, 944, 1220, 918]
[1049, 810, 813, 870, 960, 1237, 922]
[1051, 821, 823, 871, 977, 1265, 925]
[1052, 830, 830, 870, 994, 1282, 927]
[1055, 836, 838, 872, 1002, 1296, 927]
[1055, 839, 842, 872, 1010, 1302, 927]
[1054, 839, 848, 872, 1012, 1302, 926]
[1055, 835, 846, 872, 1006, 1292, 926]
[1053, 826, 837, 871, 984, 1277, 925]
[1049, 815, 827, 872, 964, 1252, 924]
[1047, 808, 814, 871, 948, 1231, 923]
[1044, 802, 804, 868, 936, 1215, 921]
[1039, 798, 799, 866, 927, 1202, 918]
[1039, 795, 793, 863, 922, 1193, 916]
[1034, 793, 792, 862, 919, 1189, 913]
[1035, 791, 791, 860, 919, 1186, 912]
[1033, 790, 791, 861, 918, 1183, 912]
[1031, 790, 789, 859, 916, 1182, 911]
[1029, 789, 788, 860, 914, 1178, 910]
[1028, 789, 790, 859, 915, 1179, 910]
[1028, 788, 789, 859, 914, 1179, 910]
[1027, 789, 788, 860, 915, 1178, 908]
[1027, 789, 788, 859, 915, 1180, 911]
[1027, 787, 789, 859, 914, 1178, 909]
[1028, 789, 788, 859, 914, 1176, 909]
[1028, 788, 790, 859, 913, 1179, 909]
[1026, 788, 788, 858, 912, 1176, 908]
[1026, 789, 788, 858, 913, 1178, 907]
[1026, 788, 787, 858, 914, 1180, 909]
[1028, 789, 786, 859, 914, 1178, 910]
[1029, 787, 788, 859, 913, 1177, 910]
[1027, 788, 787, 859, 914, 1177, 907]
[1026, 788, 788, 858, 913, 1178, 909]
[1026, 789, 788, 858, 913, 1176, 906]
[1023, 787, 787, 858, 913, 1178, 905]
[1027, 788, 787, 857, 913, 1176, 909]
[1026, 788, 788, 857, 914, 1177, 906]
[1027, 788, 788, 858, 913, 1176, 907]
[1027, 787, 787, 858, 914, 1176, 906]
[1026, 788, 787, 857, 913, 1176, 908]
[1025, 787, 787, 859, 914, 1177, 905]
[1025, 786, 786, 857, 912, 1176, 907]
[1026, 786, 786, 856, 912, 1177, 907]
[1024, 787, 787, 858, 914, 1178, 907]
[1026, 786, 787, 858, 913, 1177, 904]
[1022, 786, 787, 857, 913, 1176, 906]
[1022, 787, 786, 858, 912, 1174, 905]
[1023, 786, 787, 857, 912, 1173, 906]
[1024, 787, 787, 857, 912, 1177, 903]
[1023, 788, 787, 856, 913, 1177, 905]
[1023, 787, 786, 856, 912, 1174, 908]
[1024, 786, 786, 857, 912, 1175, 908]
[1024, 787, 786, 857, 912, 1175, 905]
[1025, 786, 787, 858, 913, 1176, 908]
[1022, 785, 787, 856, 911, 1178, 906]
