[1031, 790, 790, 862, 915, 1183, 908]
[1035, 790, 790, 862, 916, 1183, 909]
[1032, 790, 791, 860, 916, 1182, 909]
[1031, 790, 790, 861, 920, 1181, 911]
[1030, 791, 790, 862, 918, 1181, 910]
[1031, 790, 790, 861, 917, 1182, 912]
[1030, 790, 790, 861, 917, 1181, 912]
[1028, 790, 791, 861, 917, 1182, 910]
[1031, 790, 791, 860, 915, 1182, 909]
[1031, 790, 790, 860, 917, 1183, 910]
[1031, 791, 791, 861, 917, 1183, 910]
[1030, 790, 790, 861, 918, 1183, 908]
[1031, 790, 790, 860, 918, 1184, 913]
[1031, 791, 789, 862, 917, 1184, 910]
[1034, 790, 791, 861, 917, 1182, 911]
[1032, 791, 793, 861, 916, 1182, 910]
[1034, 791, 791, 859, 919, 1184, 911]
[1033, 791, 790, 863, 918, 1183, 915]
[1032, 791, 791, 861, 918, 1185, 909]
[1032, 791, 790, 861, 918, 1183, 911]
[1031, 790, 791, 864, 919, 1185, 911]
[1033, 791, 791, 863, 919, 1186, 912]
[1032, 791, 792, 861, 920, 1186, 913]
[1033, 793, 791, 862, 919, 1186, 913]
[1033, 792, 792, 863, 920, 1187, 915]
[1036, 792, 792, 864, 920, 1188, 915]
[1035, 794, 794, 865, 921, 1191, 917]
[1041, 796, 796, 866, 924, 1198, 920]
[1040, 796, 799, 869, 925, 1207, 923]
[1040, 799, 803, 871, 930, 1215, 930]
[1043, 801, 809, 876, 930, 1236, 937]
[1043, 804, 820, 881, 933, 1262, 946]
[1040, 805, 835, 886, 934, 1285, 957]
[1044, 807, 850, 890, 934, 1308, 967]
[1043, 807, 868, 894, 935, 1329, 976]
[1044, 808, 889, 897, 936, 1349, 980]
[1044, 810, 905, 899, 936, 1369, 983]
[1042, 810, 913, 899, 936, 1375, 982]
[1042, 810, 913, 897, 935, 1372, 982]
[1046, 808, 891, 898, 935, 1348, 977]
[1048, 808, 859, 896, 935, 1317, 971]
[1045, 806, 838, 891, 933, 1272, 958]
[1041, 803, 818, 883, 932, 1241, 946]
[1042, 800, 806, 877, 925, 1217, 932]
[1042, 798, 800, 871, 922, 1205, 927]
[1038, 797, 797, 868, 922, 1197, 921]
[1039, 795, 793, 865, 920, 1190, 916]
[1037, 792, 793, 864, 921, 1189, 915]
[1034, 792, 791, 863, 919, 1185, 912]
[1033, 790, 791, 862, 918, 1184, 914]
[1033, 791, 791, 861, 916, 1183, 912]
[1032, 791, 791, 861, 918, 1184, 913]
[1031, 791, 791, 862, 917, 1185, 911]
[1033, 791, 790, 860, 918, 1182, 909]
[1031, 792, 793, 861, 916, 1184, 911]
[1030, 791, 790, 862, 922, 1185, 910]
[1029, 791, 790, 861, 918, 1185, 909]
[1030, 790, 791, 861, 916, 1183, 910]
[1031, 790, 790, 861, 916, 1183, 909]
