[1032, 791, 790, 862, 918, 1185, 912]
[1031, 791, 792, 863, 916, 1183, 913]
[1032, 790, 791, 860, 917, 1184, 910]
[1029, 792, 790, 862, 917, 1185, 913]
[1033, 791, 790, 860, 917, 1184, 912]
[1033, 791, 790, 861, 915, 1183, 911]
[1034, 790, 790, 861, 916, 1183, 912]
[1031, 791, 791, 862, 917, 1183, 914]
[1032, 790, 790, 861, 918, 1181, 912]
[1032, 790, 790, 861, 917, 1183, 912]
[1034, 791, 791, 861, 917, 1184, 912]
[1036, 792, 792, 860, 917, 1184, 910]
[1031, 791, 793, 861, 919, 1184, 911]
[1034, 791, 790, 861, 921, 1183, 911]
[1032, 790, 791, 862, 918, 1183, 910]
[1032, 791, 791, 863, 918, 1181, 910]
[1032, 792, 791, 863, 918, 1183, 911]
[1032, 791, 791, 862, 918, 1184, 912]
[1032, 791, 791, 862, 916, 1185, 911]
[1032, 791, 791, 861, 916, 1184, 912]
[1031, 790, 791, 861, 918, 1184, 911]
[1032, 790, 791, 863, 917, 1184, 910]
[1032, 791, 791, 862, 918, 1183, 914]
[1032, 791, 791, 861, 917, 1183, 911]
[1036, 792, 791, 862, 918, 1183, 914]
[1033, 791, 793, 861, 918, 1185, 911]
[1034, 792, 790, 861, 919, 1186, 911]
[1035, 791, 791, 862, 919, 1186, 913]
[1034, 791, 791, 861, 918, 1185, 913]
[1036, 792, 792, 863, 919, 1188, 913]
[1038, 794, 792, 863, 919, 1191, 917]
[1041, 795, 794, 863, 921, 1194, 917]
[1045, 797, 794, 864, 923, 1201, 919]
[1056, 802, 796, 865, 925, 1210, 925]
[1065, 809, 797, 865, 929, 1227, 928]
[1075, 816, 799, 865, 930, 1250, 937]
[1086, 828, 800, 866, 931, 1274, 945]
[1100, 842, 802, 867, 932, 1299, 953]
[1099, 856, 805, 867, 931, 1315, 958]
[1105, 871, 803, 866, 936, 1335, 962]
[1109, 882, 804, 866, 933, 1350, 964]
[1108, 895, 803, 868, 934, 1355, 965]
[1109, 893, 804, 868, 933, 1353, 966]
[1108, 884, 804, 866, 934, 1338, 964]
[1103, 868, 803, 866, 932, 1317, 961]
[1101, 848, 801, 866, 929, 1282, 950]
[1087, 830, 801, 865, 927, 1253, 945]
[1075, 817, 800, 864, 926, 1228, 933]
[1062, 807, 797, 864, 924, 1211, 928]
[1052, 801, 796, 864, 922, 1200, 921]
[1049, 796, 794, 863, 920, 1193, 917]
[1038, 795, 795, 864, 919, 1188, 916]
[1036, 794, 793, 863, 919, 1189, 913]
[1033, 792, 791, 861, 916, 1186, 913]
[1033, 792, 791, 861, 917, 1185, 912]
[1033, 792, 791, 862, 916, 1183, 911]
[1030, 790, 790, 862, 916, 1184, 911]
[1032, 791, 790, 861, 916, 1182, 911]
[1029, 790, 791, 861, 917, 1181, 912]
[1029, 790, 790, 861, 916, 1182, 913]
[1029, 790, 790, 861, 916, 1180, 910]
[1031, 790, 790, 859, 915, 1181, 909]
[1029, 789, 790, 859, 916, 1182, 907]
[1033, 790, 788, 860, 915, 1182, 909]
[1028, 789, 791, 860, 915, 1180, 912]
[1028, 790, 788, 860, 917, 1179, 910]
[1028, 789, 789, 860, 913, 1180, 911]
[1027, 788, 788, 859, 915, 1181, 906]
[1027, 789, 789, 859, 915, 1177, 908]
[1030, 790, 788, 859, 916, 1181, 908]
[1028, 790, 789, 859, 916, 1181, 910]
[1028, 789, 789, 858, 915, 1180, 907]
[1027, 789, 788, 860, 916, 1180, 908]
[1029, 789, 789, 861, 916, 1182, 907]
[1028, 789, 788, 858, 915, 1182, 910]
[1027, 788, 788, 859, 914, 1180, 908]
[1030, 790, 788, 859, 915, 1179, 907]
