[1028, 789, 787, 859, 914, 1176, 906]
[1028, 788, 788, 858, 915, 1178, 910]
[1028, 789, 789, 859, 915, 1177, 909]
[1027, 787, 789, 859, 913, 1177, 907]
[1025, 788, 788, 860, 914, 1176, 908]
[1027, 787, 788, 859, 914, 1177, 906]
[1027, 788, 789, 859, 915, 1177, 908]
[1028, 788, 787, 858, 916, 1178, 906]
[1026, 790, 787, 859, 914, 1177, 907]
[1028, 788, 789, 860, 914, 1177, 907]
[1027, 789, 788, 858, 914, 1181, 907]
[1028, 787, 788, 857, 915, 1177, 909]
[1026, 788, 788, 858, 912, 1177, 909]
[1026, 787, 788, 858, 913, 1175, 907]
[1027, 788, 790, 858, 914, 1176, 908]
[1027, 788, 788, 858, 914, 1177, 908]
[1026, 789, 788, 858, 915, 1179, 908]
[1030, 789, 787, 859, 914, 1178, 907]
[1026, 788, 789, 860, 916, 1178, 909]
[1029, 788, 789, 859, 915, 1178, 912]
[1028, 789, 789, 860, 914, 1178, 908]
[1029, 791, 789, 859, 915, 1179, 908]
[1029, 790, 789, 860, 913, 1179, 908]
[1029, 789, 789, 860, 915, 1182, 909]
[1031, 789, 788, 860, 916, 1179, 909]
[1029, 790, 788, 860, 916, 1181, 911]
[1030, 790, 790, 861, 918, 1182, 909]
[1031, 791, 791, 862, 919, 1185, 913]
[1034, 793, 794, 862, 923, 1192, 917]
[1036, 796, 797, 865, 933, 1201, 917]
[1043, 802, 806, 869, 951, 1217, 920]
[1049, 811, 821, 869, 982, 1240, 922]
[1051, 822, 837, 871, 1010, 1261, 927]
[1051, 830, 849, 872, 1022, 1279, 927]
[1049, 831, 859, 873, 1029, 1282, 926]
[1051, 828, 861, 874, 1027, 1273, 927]
[1050, 824, 848, 873, 1015, 1260, 922]
[1048, 816, 830, 872, 982, 1238, 923]
[1044, 805, 812, 870, 952, 1221, 918]
[1041, 799, 799, 866, 935, 1203, 918]
[1038, 794, 794, 864, 923, 1192, 917]
[1034, 793, 793, 864, 919, 1187, 915]
[1032, 792, 791, 861, 917, 1182, 912]
[1030, 790, 790, 860, 915, 1182, 909]
[1030, 789, 789, 860, 915, 1181, 908]
[1029, 789, 789, 859, 915, 1181, 911]
[1029, 790, 789, 861, 914, 1181, 908]
[1028, 788, 788, 859, 916, 1180, 908]
[1029, 789, 788, 861, 914, 1178, 910]
[1028, 788, 789, 860, 916, 1180, 909]
[1028, 788, 789, 860, 915, 1177, 910]
[1030, 789, 789, 859, 915, 1181, 907]
[1028, 789, 790, 861, 916, 1179, 907]
[1029, 789, 788, 860, 915, 1178, 908]
[1030, 789, 790, 860, 915, 1179, 910]
[1027, 789, 788, 858, 915, 1177, 905]
[1028, 789, 789, 860, 914, 1178, 909]
[1028, 790, 788, 860, 915, 1180, 907]
[1028, 789, 788, 860, 914, 1179, 909]
[1028, 789, 789, 859, 916, 1179, 906]
[1027, 789, 790, 860, 916, 1179, 908]
[1029, 789, 788, 859, 915, 1179, 910]
[1028, 790, 788, 860, 916, 1180, 909]
[1028, 789, 789, 859, 914, 1177, 909]
[1028, 788, 788, 858, 914, 1181, 909]
[1028, 789, 789, 860, 915, 1177, 911]
[1028, 790, 788, 860, 915, 1180, 908]
