[17.287696388491895, 8.8631448324777011, 1.6104868913862447, 2.1124321530114685, 7.5969069785332977, 4.7393080904384988, 0.10989518096175743]
[7.712303611508105, 40.863144832477701, 7.3895131086137553, 7.8875678469885315, 23.596906978533298, 17.260691909561501, 5.8901048190382426]
[7.712303611508105, 1.1368551675222989, 1.6104868913862447, 27.887567846988532, 8.4030930214667023, 4.7393080904384988, 12.109895180961757]
[0.71230361150810495, 8.8631448324777011, 7.3895131086137553, 7.8875678469885315, 15.596906978533298, 1.2606919095615012, 6.1098951809617574]
[5.287696388491895, 8.8631448324777011, 7.3895131086137553, 7.8875678469885315, 0.40309302146670234, 7.7393080904384988, 17.109895180961757]
[11.287696388491895, 8.8631448324777011, 7.3895131086137553, 7.8875678469885315, 0.40309302146670234, 4.7393080904384988, 6.1098951809617574]
[7.712303611508105, 1.1368551675222989, 16.389513108613755, 2.1124321530114685, 0.40309302146670234, 1.7393080904384988, 6.1098951809617574]
[0.71230361150810495, 8.8631448324777011, 7.3895131086137553, 7.8875678469885315, 7.5969069785332977, 7.7393080904384988, 17.109895180961757]
[5.287696388491895, 1.1368551675222989, 7.3895131086137553, 17.887567846988532, 7.5969069785332977, 9.7393080904384988, 12.109895180961757]
[11.287696388491895, 1.1368551675222989, 1.6104868913862447, 7.8875678469885315, 7.5969069785332977, 9.2606919095615012, 6.1098951809617574]
[7.712303611508105, 8.8631448324777011, 7.3895131086137553, 27.887567846988532, 23.596906978533298, 1.2606919095615012, 23.109895180961757]
[11.287696388491895, 8.8631448324777011, 16.389513108613755, 7.8875678469885315, 7.5969069785332977, 12.739308090438499, 12.109895180961757]
[11.287696388491895, 8.8631448324777011, 16.389513108613755, 7.8875678469885315, 15.596906978533298, 15.739308090438499, 0.10989518096175743]
[0.71230361150810495, 8.8631448324777011, 7.3895131086137553, 7.8875678469885315, 7.5969069785332977, 9.7393080904384988, 12.109895180961757]
[11.287696388491895, 40.863144832477701, 1.6104868913862447, 17.887567846988532, 15.596906978533298, 4.7393080904384988, 12.109895180961757]
[11.287696388491895, 8.8631448324777011, 1.6104868913862447, 47.887567846988532, 0.40309302146670234, 12.739308090438499, 12.109895180961757]
[7.712303611508105, 8.8631448324777011, 1.6104868913862447, 17.887567846988532, 0.40309302146670234, 1.2606919095615012, 23.109895180961757]
[17.287696388491895, 8.8631448324777011, 1.6104868913862447, 7.8875678469885315, 7.5969069785332977, 1.7393080904384988, 12.109895180961757]
[0.71230361150810495, 1.1368551675222989, 7.3895131086137553, 2.1124321530114685, 0.40309302146670234, 4.7393080904384988, 17.109895180961757]
[5.287696388491895, 8.8631448324777011, 16.389513108613755, 7.8875678469885315, 7.5969069785332977, 7.7393080904384988, 0.10989518096175743]
[5.287696388491895, 8.8631448324777011, 16.389513108613755, 7.8875678469885315, 0.40309302146670234, 12.739308090438499, 6.1098951809617574]
[11.287696388491895, 19.863144832477701, 7.3895131086137553, 17.887567846988532, 15.596906978533298, 15.739308090438499, 23.109895180961757]
[30.287696388491895, 1.1368551675222989, 7.3895131086137553, 7.8875678469885315, 15.596906978533298, 20.739308090438499, 17.109895180961757]
[23.287696388491895, 8.8631448324777011, 16.389513108613755, 17.887567846988532, 23.596906978533298, 4.7393080904384988, 12.109895180961757]
[11.287696388491895, 19.863144832477701, 16.389513108613755, 27.887567846988532, 23.596906978533298, 3.2606919095615012, 17.109895180961757]
[0.71230361150810495, 19.863144832477701, 26.389513108613755, 27.887567846988532, 31.596906978533298, 15.739308090438499, 29.109895180961757]
[17.287696388491895, 8.8631448324777011, 26.389513108613755, 2.1124321530114685, 23.596906978533298, 12.739308090438499, 17.109895180961757]
[23.287696388491895, 50.863144832477701, 16.389513108613755, 7.8875678469885315, 15.596906978533298, 23.739308090438499, 17.109895180961757]
[48.287696388491895, 29.863144832477701, 26.389513108613755, 47.887567846988532, 23.596906978533298, 31.739308090438499, 40.109895180961757]
[48.287696388491895, 50.863144832477701, 44.389513108613755, 17.887567846988532, 54.596906978533298, 42.739308090438499, 63.109895180961757]
[78.287696388491895, 61.863144832477701, 62.389513108613755, 56.887567846988532, 70.596906978533298, 75.739308090438499, 92.109895180961757]
[109.2876963884919, 102.8631448324777, 81.389513108613755, 76.887567846988532, 78.596906978533298, 114.7393080904385, 137.10989518096176]
[145.2876963884919, 143.8631448324777, 144.38951310861376, 86.887567846988532, 86.596906978533298, 159.7393080904385, 193.10989518096176]
[150.2876963884919, 204.8631448324777, 180.38951310861376, 105.88756784698853, 101.5969069785333, 228.7393080904385, 264.10989518096176]
[180.2876963884919, 264.8631448324777, 251.38951310861376, 125.88756784698853, 93.596906978533298, 270.7393080904385, 370.10989518096176]
[221.2876963884919, 353.8631448324777, 338.38951310861376, 144.88756784698853, 117.5969069785333, 338.7393080904385, 514.10989518096176]
[227.2876963884919, 450.8631448324777, 490.38951310861376, 173.88756784698853, 117.5969069785333, 428.7393080904385, 719.10989518096176]
[268.2876963884919, 573.8631448324777, 693.38951310861376, 192.88756784698853, 155.5969069785333, 574.7393080904385, 935.10989518096176]
[256.2876963884919, 702.8631448324777, 970.38951310861376, 211.88756784698853, 178.5969069785333, 858.7393080904385, 1027.1098951809618]
[256.2876963884919, 801.8631448324777, 1285.3895131086138, 211.88756784698853, 216.5969069785333, 1382.7393080904385, 845.10989518096176]
[239.2876963884919, 854.8631448324777, 1367.3895131086138, 202.88756784698853, 305.5969069785333, 2167.7393080904385, 643.10989518096176]
[256.2876963884919, 818.8631448324777, 1271.3895131086138, 230.88756784698853, 443.5969069785333, 2056.7393080904385, 494.10989518096176]
[227.2876963884919, 783.8631448324777, 1195.3895131086138, 192.88756784698853, 597.5969069785333, 1414.7393080904385, 396.10989518096176]
[245.2876963884919, 693.8631448324777, 1014.3895131086138, 211.88756784698853, 738.5969069785333, 1016.7393080904385, 339.10989518096176]
[245.2876963884919, 610.8631448324777, 803.38951310861376, 192.88756784698853, 752.5969069785333, 763.7393080904385, 291.10989518096176]
[221.2876963884919, 507.8631448324777, 629.38951310861376, 182.88756784698853, 678.5969069785333, 585.7393080904385, 264.10989518096176]
[204.2876963884919, 411.8631448324777, 465.38951310861376, 173.88756784698853, 542.5969069785333, 430.7393080904385, 226.10989518096176]
[186.2876963884919, 324.8631448324777, 346.38951310861376, 154.88756784698853, 407.5969069785333, 334.7393080904385, 198.10989518096176]
[168.2876963884919, 254.8631448324777, 259.38951310861376, 125.88756784698853, 298.5969069785333, 253.7393080904385, 159.10989518096176]
[150.2876963884919, 194.8631448324777, 171.38951310861376, 96.887567846988532, 208.5969069785333, 177.7393080904385, 137.10989518096176]
[97.287696388491895, 123.8631448324777, 108.38951310861376, 86.887567846988532, 155.5969069785333, 135.7393080904385, 103.10989518096176]
[90.287696388491895, 81.863144832477701, 71.389513108613755, 66.887567846988532, 93.596906978533298, 83.739308090438499, 69.109895180961757]
[84.287696388491895, 50.863144832477701, 53.389513108613755, 56.887567846988532, 62.596906978533298, 64.739308090438499, 46.109895180961757]
[48.287696388491895, 40.863144832477701, 35.389513108613755, 37.887567846988532, 62.596906978533298, 37.739308090438499, 58.109895180961757]
[17.287696388491895, 29.863144832477701, 26.389513108613755, 47.887567846988532, 23.596906978533298, 18.739308090438499, 29.109895180961757]
[5.287696388491895, 29.863144832477701, 16.389513108613755, 7.8875678469885315, 7.5969069785332977, 23.739308090438499, 29.109895180961757]
[23.287696388491895, 29.863144832477701, 7.3895131086137553, 17.887567846988532, 7.5969069785332977, 7.7393080904384988, 17.109895180961757]
[17.287696388491895, 8.8631448324777011, 7.3895131086137553, 7.8875678469885315, 7.5969069785332977, 18.739308090438499, 12.109895180961757]
[11.287696388491895, 19.863144832477701, 16.389513108613755, 27.887567846988532, 23.596906978533298, 15.739308090438499, 17.109895180961757]
[5.287696388491895, 8.8631448324777011, 16.389513108613755, 17.887567846988532, 7.5969069785332977, 15.739308090438499, 12.109895180961757]
[7.712303611508105, 8.8631448324777011, 7.3895131086137553, 17.887567846988532, 7.5969069785332977, 1.7393080904384988, 17.109895180961757]
[0.71230361150810495, 1.1368551675222989, 16.389513108613755, 17.887567846988532, 0.40309302146670234, 9.7393080904384988, 12.109895180961757]
[19.712303611508105, 1.1368551675222989, 7.3895131086137553, 7.8875678469885315, 8.4030930214667023, 4.7393080904384988, 6.1098951809617574]
[11.287696388491895, 8.8631448324777011, 7.3895131086137553, 17.887567846988532, 7.5969069785332977, 9.7393080904384988, 6.1098951809617574]
[19.712303611508105, 12.136855167522299, 1.6104868913862447, 17.887567846988532, 15.596906978533298, 9.7393080904384988, 5.8901048190382426]
[7.712303611508105, 1.1368551675222989, 1.6104868913862447, 2.1124321530114685, 0.40309302146670234, 4.7393080904384988, 5.8901048190382426]
[0.71230361150810495, 19.863144832477701, 7.3895131086137553, 7.8875678469885315, 0.40309302146670234, 4.7393080904384988, 12.109895180961757]
[0.71230361150810495, 12.136855167522299, 1.6104868913862447, 7.8875678469885315, 15.596906978533298, 1.2606919095615012, 12.109895180961757]
[31.712303611508105, 12.136855167522299, 1.6104868913862447, 17.887567846988532, 7.5969069785332977, 18.739308090438499, 23.109895180961757]
[19.712303611508105, 1.1368551675222989, 1.6104868913862447, 7.8875678469885315, 0.40309302146670234, 12.739308090438499, 17.109895180961757]
