[11.130221798884122, 3.6052445074419666, 4.8079800498744589, 11.952282692804147, 0.22970585976509028, 5.5911376919939357, 9.8419388830352545]
[5.1302217988841221, 3.6052445074419666, 4.1920199501255411, 1.9522826928041468, 0.22970585976509028, 10.408862308006064, 15.841938883035255]
[7.8697782011158779, 3.6052445074419666, 4.8079800498744589, 11.952282692804147, 0.22970585976509028, 2.4088623080060643, 1.1580611169647455]
[7.8697782011158779, 3.6052445074419666, 4.1920199501255411, 1.9522826928041468, 15.77029414023491, 2.4088623080060643, 15.841938883035255]
[11.130221798884122, 6.3947554925580334, 4.8079800498744589, 1.9522826928041468, 7.7702941402349097, 5.4088623080060643, 7.1580611169647455]
[11.130221798884122, 3.6052445074419666, 4.1920199501255411, 1.9522826928041468, 7.7702941402349097, 0.59113769199393573, 7.1580611169647455]
[13.869778201115878, 6.3947554925580334, 4.1920199501255411, 1.9522826928041468, 8.2297058597650903, 5.4088623080060643, 21.841938883035255]
[11.130221798884122, 14.605244507441967, 4.8079800498744589, 8.0477173071958532, 7.7702941402349097, 8.4088623080060643, 21.841938883035255]
[19.869778201115878, 14.605244507441967, 14.807980049874459, 1.9522826928041468, 7.7702941402349097, 13.408862308006064, 15.841938883035255]
[7.8697782011158779, 24.605244507441967, 4.8079800498744589, 11.952282692804147, 7.7702941402349097, 10.408862308006064, 1.1580611169647455]
[7.8697782011158779, 14.605244507441967, 4.1920199501255411, 1.9522826928041468, 7.7702941402349097, 13.408862308006064, 9.8419388830352545]
[32.869778201115878, 3.6052445074419666, 4.8079800498744589, 1.9522826928041468, 0.22970585976509028, 8.4088623080060643, 4.8419388830352545]
[7.8697782011158779, 3.6052445074419666, 32.807980049874459, 8.0477173071958532, 8.2297058597650903, 2.5911376919939357, 9.8419388830352545]
[13.869778201115878, 3.6052445074419666, 4.8079800498744589, 8.0477173071958532, 15.77029414023491, 13.408862308006064, 15.841938883035255]
[7.8697782011158779, 3.6052445074419666, 14.807980049874459, 8.0477173071958532, 16.22970585976509, 13.408862308006064, 15.841938883035255]
[13.869778201115878, 24.605244507441967, 14.807980049874459, 11.952282692804147, 7.7702941402349097, 10.408862308006064, 9.8419388830352545]
[13.869778201115878, 24.605244507441967, 4.8079800498744589, 8.0477173071958532, 0.22970585976509028, 13.408862308006064, 4.8419388830352545]
[25.869778201115878, 14.605244507441967, 14.807980049874459, 8.0477173071958532, 15.77029414023491, 5.4088623080060643, 27.841938883035255]
[13.869778201115878, 14.605244507441967, 4.8079800498744589, 8.0477173071958532, 0.22970585976509028, 5.4088623080060643, 21.841938883035255]
[7.8697782011158779, 14.605244507441967, 14.807980049874459, 18.047717307195853, 7.7702941402349097, 8.4088623080060643, 9.8419388830352545]
[38.869778201115878, 14.605244507441967, 4.8079800498744589, 8.0477173071958532, 0.22970585976509028, 16.408862308006064, 27.841938883035255]
[13.869778201115878, 14.605244507441967, 23.807980049874459, 8.0477173071958532, 0.22970585976509028, 16.408862308006064, 21.841938883035255]
[25.869778201115878, 24.605244507441967, 14.807980049874459, 8.0477173071958532, 7.7702941402349097, 19.408862308006064, 27.841938883035255]
[50.869778201115878, 35.605244507441967, 4.8079800498744589, 18.047717307195853, 15.77029414023491, 32.408862308006064, 21.841938883035255]
[62.869778201115878, 24.605244507441967, 23.807980049874459, 1.9522826928041468, 38.77029414023491, 40.408862308006064, 55.841938883035255]
[44.869778201115878, 45.605244507441967, 50.807980049874459, 18.047717307195853, 46.77029414023491, 46.408862308006064, 44.841938883035255]
[62.869778201115878, 56.605244507441967, 50.807980049874459, 37.047717307195853, 85.77029414023491, 73.408862308006064, 84.841938883035255]
[86.869778201115878, 97.605244507441967, 78.807980049874459, 47.047717307195853, 70.77029414023491, 115.40886230800606, 118.84193888303525]
[141.86977820111588, 148.60524450744197, 114.80798004987446, 77.047717307195853, 93.77029414023491, 175.40886230800606, 168.84193888303525]
[158.86977820111588, 219.60524450744197, 168.80798004987446, 96.047717307195853, 93.77029414023491, 228.40886230800606, 245.84193888303525]
[206.86977820111588, 279.60524450744197, 239.80798004987446, 96.047717307195853, 101.77029414023491, 282.40886230800606, 373.84193888303525]
[258.86977820111588, 368.60524450744197, 317.80798004987446, 115.04771730719585, 116.77029414023491, 331.40886230800606, 506.84193888303525]
[252.86977820111588, 502.60524450744197, 419.80798004987446, 135.04771730719585, 116.77029414023491, 393.40886230800606, 730.84193888303525]
[298.86977820111588, 651.60524450744197, 585.80798004987446, 144.04771730719585, 139.77029414023491, 540.40886230800606, 971.84193888303525]
[298.86977820111588, 813.60524450744197, 776.80798004987446, 163.04771730719585, 162.77029414023491, 843.40886230800606, 958.84193888303525]
[298.86977820111588, 936.60524450744197, 943.80798004987446, 163.04771730719585, 237.77029414023491, 1515.4088623080061, 683.84193888303525]
[298.86977820111588, 927.60524450744197, 906.80798004987446, 163.04771730719585, 377.77029414023491, 1817.4088623080061, 476.84193888303525]
[293.86977820111588, 875.60524450744197, 853.80798004987446, 163.04771730719585, 601.77029414023491, 1185.4088623080061, 362.84193888303525]
[281.86977820111588, 742.60524450744197, 721.80798004987446, 144.04771730719585, 762.77029414023491, 769.40886230800606, 299.84193888303525]
[270.86977820111588, 568.60524450744197, 544.80798004987446, 154.04771730719585, 749.77029414023491, 538.40886230800606, 256.84193888303525]
[252.86977820111588, 426.60524450744197, 411.80798004987446, 154.04771730719585, 567.77029414023491, 383.40886230800606, 207.84193888303525]
[206.86977820111588, 299.60524450744197, 265.80798004987446, 115.04771730719585, 377.77029414023491, 273.40886230800606, 179.84193888303525]
[170.86977820111588, 189.60524450744197, 186.80798004987446, 106.04771730719585, 245.77029414023491, 182.40886230800606, 140.84193888303525]
[123.86977820111588, 128.60524450744197, 114.80798004987446, 57.047717307195853, 124.77029414023491, 123.40886230800606, 118.84193888303525]
[92.869778201115878, 97.605244507441967, 78.807980049874459, 47.047717307195853, 93.77029414023491, 89.408862308006064, 67.841938883035255]
[74.869778201115878, 56.605244507441967, 59.807980049874459, 37.047717307195853, 70.77029414023491, 62.408862308006064, 73.841938883035255]
[74.869778201115878, 56.605244507441967, 41.807980049874459, 37.047717307195853, 31.77029414023491, 48.408862308006064, 50.841938883035255]
[38.869778201115878, 24.605244507441967, 23.807980049874459, 18.047717307195853, 38.77029414023491, 46.408862308006064, 44.841938883035255]
[44.869778201115878, 45.605244507441967, 23.807980049874459, 28.047717307195853, 15.77029414023491, 21.408862308006064, 38.841938883035255]
[44.869778201115878, 35.605244507441967, 14.807980049874459, 18.047717307195853, 15.77029414023491, 24.408862308006064, 61.841938883035255]
[44.869778201115878, 24.605244507441967, 23.807980049874459, 28.047717307195853, 0.22970585976509028, 24.408862308006064, 32.841938883035255]
[32.869778201115878, 24.605244507441967, 23.807980049874459, 8.0477173071958532, 7.7702941402349097, 5.4088623080060643, 38.841938883035255]
[25.869778201115878, 35.605244507441967, 23.807980049874459, 8.0477173071958532, 15.77029414023491, 21.408862308006064, 32.841938883035255]
[19.869778201115878, 14.605244507441967, 14.807980049874459, 8.0477173071958532, 15.77029414023491, 19.408862308006064, 44.841938883035255]
[32.869778201115878, 14.605244507441967, 14.807980049874459, 1.9522826928041468, 15.77029414023491, 19.408862308006064, 32.841938883035255]
[19.869778201115878, 14.605244507441967, 4.8079800498744589, 18.047717307195853, 15.77029414023491, 10.408862308006064, 21.841938883035255]
[25.869778201115878, 14.605244507441967, 14.807980049874459, 28.047717307195853, 7.7702941402349097, 19.408862308006064, 27.841938883035255]
[13.869778201115878, 24.605244507441967, 4.8079800498744589, 8.0477173071958532, 7.7702941402349097, 10.408862308006064, 21.841938883035255]
[13.869778201115878, 14.605244507441967, 4.8079800498744589, 18.047717307195853, 15.77029414023491, 0.59113769199393573, 21.841938883035255]
[7.8697782011158779, 3.6052445074419666, 14.807980049874459, 1.9522826928041468, 8.2297058597650903, 8.4088623080060643, 32.841938883035255]
[19.869778201115878, 14.605244507441967, 14.807980049874459, 1.9522826928041468, 0.22970585976509028, 16.408862308006064, 15.841938883035255]
[7.8697782011158779, 3.6052445074419666, 4.1920199501255411, 1.9522826928041468, 7.7702941402349097, 16.408862308006064, 9.8419388830352545]
[7.8697782011158779, 6.3947554925580334, 4.1920199501255411, 28.047717307195853, 0.22970585976509028, 5.5911376919939357, 9.8419388830352545]
[5.1302217988841221, 6.3947554925580334, 4.8079800498744589, 8.0477173071958532, 0.22970585976509028, 5.5911376919939357, 7.1580611169647455]
[17.130221798884122, 17.394755492558033, 23.807980049874459, 8.0477173071958532, 7.7702941402349097, 16.408862308006064, 15.841938883035255]
[7.8697782011158779, 6.3947554925580334, 4.1920199501255411, 8.0477173071958532, 7.7702941402349097, 5.4088623080060643, 21.841938883035255]
