[13.610940381069668, 2.3539610562820599, 1.415448851774272, 15.301710730947889, 5.4298949969124806, 8.2184286301935572, 14.749702026221712]
[0.61094038106966764, 2.3539610562820599, 7.584551148225728, 5.3017107309478888, 10.570105003087519, 7.7815713698064428, 14.749702026221712]
[11.389059618930332, 8.6460389437179401, 10.415448851774272, 5.3017107309478888, 18.570105003087519, 0.21842863019355718, 3.749702026221712]
[7.6109403810696676, 2.3539610562820599, 1.415448851774272, 14.698289269052111, 10.570105003087519, 11.218428630193557, 8.250297973778288]
[13.610940381069668, 2.3539610562820599, 10.415448851774272, 15.301710730947889, 2.5701050030875194, 7.7815713698064428, 14.749702026221712]
[17.389059618930332, 2.3539610562820599, 1.415448851774272, 15.301710730947889, 5.4298949969124806, 13.781571369806443, 3.749702026221712]
[0.61094038106966764, 2.3539610562820599, 1.415448851774272, 15.301710730947889, 5.4298949969124806, 3.2184286301935572, 2.250297973778288]
[5.3890596189303324, 2.3539610562820599, 10.415448851774272, 15.301710730947889, 5.4298949969124806, 5.7815713698064428, 3.749702026221712]
[0.61094038106966764, 8.6460389437179401, 10.415448851774272, 15.301710730947889, 10.570105003087519, 5.7815713698064428, 2.250297973778288]
[0.61094038106966764, 2.3539610562820599, 1.415448851774272, 5.3017107309478888, 13.429894996912481, 16.781571369806443, 20.749702026221712]
[7.6109403810696676, 8.6460389437179401, 7.584551148225728, 5.3017107309478888, 5.4298949969124806, 7.7815713698064428, 9.749702026221712]
[23.389059618930332, 8.6460389437179401, 1.415448851774272, 14.698289269052111, 5.4298949969124806, 16.781571369806443, 8.250297973778288]
[7.6109403810696676, 8.6460389437179401, 10.415448851774272, 5.3017107309478888, 13.429894996912481, 10.781571369806443, 20.749702026221712]
[5.3890596189303324, 2.3539610562820599, 1.415448851774272, 5.3017107309478888, 5.4298949969124806, 16.781571369806443, 3.749702026221712]
[0.61094038106966764, 2.3539610562820599, 1.415448851774272, 15.301710730947889, 10.570105003087519, 2.7815713698064428, 9.749702026221712]
[5.3890596189303324, 8.6460389437179401, 10.415448851774272, 5.3017107309478888, 13.429894996912481, 5.7815713698064428, 32.749702026221712]
[11.389059618930332, 18.64603894371794, 1.415448851774272, 5.3017107309478888, 5.4298949969124806, 5.7815713698064428, 26.749702026221712]
[11.389059618930332, 8.6460389437179401, 1.415448851774272, 15.301710730947889, 5.4298949969124806, 13.781571369806443, 3.749702026221712]
[0.61094038106966764, 2.3539610562820599, 19.415448851774272, 15.301710730947889, 5.4298949969124806, 7.7815713698064428, 26.749702026221712]
[23.389059618930332, 8.6460389437179401, 1.415448851774272, 5.3017107309478888, 13.429894996912481, 16.781571369806443, 9.749702026221712]
[36.389059618930332, 2.3539610562820599, 29.415448851774272, 25.301710730947889, 21.429894996912481, 16.781571369806443, 20.749702026221712]
[30.389059618930332, 18.64603894371794, 10.415448851774272, 15.301710730947889, 21.429894996912481, 21.781571369806443, 38.749702026221712]
[61.389059618930332, 39.64603894371794, 29.415448851774272, 25.301710730947889, 21.429894996912481, 41.781571369806443, 61.749702026221712]
[54.389059618930332, 39.64603894371794, 57.415448851774272, 45.301710730947889, 45.429894996912481, 57.781571369806443, 95.749702026221712]
[67.389059618930332, 71.64603894371794, 66.415448851774272, 35.301710730947889, 61.429894996912481, 95.781571369806443, 84.749702026221712]
[91.389059618930332, 92.64603894371794, 93.415448851774272, 55.301710730947889, 61.429894996912481, 111.78157136980644, 130.74970202622171]
[128.38905961893033, 154.64603894371794, 139.41544885177427, 75.301710730947889, 92.429894996912481, 195.78157136980644, 219.74970202622171]
[158.38905961893033, 215.64603894371794, 211.41544885177427, 114.30171073094789, 92.429894996912481, 249.78157136980644, 328.74970202622171]
[193.38905961893033, 315.64603894371794, 308.41544885177427, 133.30171073094789, 100.42989499691248, 294.78157136980644, 480.74970202622171]
[217.38905961893033, 423.64603894371794, 428.41544885177427, 162.30171073094789, 100.42989499691248, 341.78157136980644, 660.74970202622171]
[246.38905961893033, 557.64603894371794, 571.41544885177427, 182.30171073094789, 100.42989499691248, 389.78157136980644, 945.74970202622171]
[281.38905961893033, 715.64603894371794, 748.41544885177427, 182.30171073094789, 100.42989499691248, 503.78157136980644, 1307.7497020262217]
[287.38905961893033, 893.64603894371794, 1001.4154488517743, 191.30171073094789, 147.42989499691248, 783.78157136980644, 1436.7497020262217]
[304.38905961893033, 1082.6460389437179, 1204.4154488517743, 153.30171073094789, 193.42989499691248, 1466.7815713698064, 985.74970202622171]
[304.38905961893033, 1116.6460389437179, 1031.4154488517743, 172.30171073094789, 298.42989499691248, 2626.7815713698064, 621.74970202622171]
[287.38905961893033, 963.64603894371794, 934.41544885177427, 162.30171073094789, 515.42989499691248, 1633.7815713698064, 423.74970202622171]
[258.38905961893033, 751.64603894371794, 826.41544885177427, 172.30171073094789, 715.42989499691248, 862.78157136980644, 323.74970202622171]
[229.38905961893033, 519.64603894371794, 587.41544885177427, 172.30171073094789, 681.42989499691248, 519.78157136980644, 258.74970202622171]
[187.38905961893033, 345.64603894371794, 403.41544885177427, 162.30171073094789, 494.42989499691248, 353.78157136980644, 191.74970202622171]
[164.38905961893033, 235.64603894371794, 255.41544885177427, 133.30171073094789, 342.42989499691248, 244.78157136980644, 152.74970202622171]
[140.38905961893033, 164.64603894371794, 148.41544885177427, 84.301710730947889, 215.42989499691248, 172.78157136980644, 113.74970202622171]
[109.38905961893033, 112.64603894371794, 93.415448851774272, 55.301710730947889, 139.42989499691248, 109.78157136980644, 78.749702026221712]
[73.389059618930332, 60.64603894371794, 66.415448851774272, 55.301710730947889, 84.429894996912481, 82.781571369806443, 61.749702026221712]
[73.389059618930332, 50.64603894371794, 38.415448851774272, 35.301710730947889, 53.429894996912481, 49.781571369806443, 61.749702026221712]
[42.389059618930332, 39.64603894371794, 47.415448851774272, 35.301710730947889, 37.429894996912481, 52.781571369806443, 61.749702026221712]
[23.389059618930332, 29.64603894371794, 29.415448851774272, 15.301710730947889, 29.429894996912481, 35.781571369806443, 38.749702026221712]
[11.389059618930332, 18.64603894371794, 19.415448851774272, 15.301710730947889, 29.429894996912481, 27.781571369806443, 44.749702026221712]
[17.389059618930332, 29.64603894371794, 19.415448851774272, 15.301710730947889, 21.429894996912481, 24.781571369806443, 20.749702026221712]
[30.389059618930332, 8.6460389437179401, 19.415448851774272, 15.301710730947889, 21.429894996912481, 27.781571369806443, 26.749702026221712]
[17.389059618930332, 8.6460389437179401, 38.415448851774272, 15.301710730947889, 13.429894996912481, 19.781571369806443, 38.749702026221712]
[17.389059618930332, 8.6460389437179401, 19.415448851774272, 15.301710730947889, 29.429894996912481, 7.7815713698064428, 20.749702026221712]
[11.389059618930332, 2.3539610562820599, 19.415448851774272, 15.301710730947889, 13.429894996912481, 16.781571369806443, 2.250297973778288]
[7.6109403810696676, 18.64603894371794, 19.415448851774272, 15.301710730947889, 5.4298949969124806, 16.781571369806443, 9.749702026221712]
[0.61094038106966764, 8.6460389437179401, 10.415448851774272, 25.301710730947889, 2.5701050030875194, 2.7815713698064428, 2.250297973778288]
[7.6109403810696676, 2.3539610562820599, 10.415448851774272, 5.3017107309478888, 2.5701050030875194, 0.21842863019355718, 14.749702026221712]
[5.3890596189303324, 2.3539610562820599, 10.415448851774272, 15.301710730947889, 13.429894996912481, 10.781571369806443, 20.250297973778288]
[7.6109403810696676, 2.3539610562820599, 7.584551148225728, 4.6982892690521112, 13.429894996912481, 2.7815713698064428, 14.250297973778288]
[7.6109403810696676, 2.3539610562820599, 1.415448851774272, 15.301710730947889, 13.429894996912481, 8.2184286301935572, 3.749702026221712]
[32.610940381069668, 8.6460389437179401, 7.584551148225728, 15.301710730947889, 5.4298949969124806, 3.2184286301935572, 9.749702026221712]
[26.610940381069668, 2.3539610562820599, 7.584551148225728, 5.3017107309478888, 2.5701050030875194, 6.2184286301935572, 3.749702026221712]
[38.610940381069668, 12.35396105628206, 1.415448851774272, 5.3017107309478888, 13.429894996912481, 5.7815713698064428, 2.250297973778288]
