[20.206622973438243, 10.364808019332486, 5.5160964949154732, 3.973574408901186, 3.6713286713293201, 9.6353039134055507, 12.113815701484782]
[1.2066229734382432, 10.364808019332486, 5.5160964949154732, 3.973574408901186, 4.3286713286706799, 2.3646960865944493, 0.11381570148478204]
[39.206622973438243, 0.63519198066751414, 5.5160964949154732, 3.973574408901186, 4.3286713286706799, 7.3646960865944493, 6.113815701484782]
[1.2066229734382432, 10.364808019332486, 24.516096494915473, 6.026425591098814, 20.32867132867068, 2.3646960865944493, 17.886184298515218]
[33.206622973438243, 21.364808019332486, 3.4839035050845268, 3.973574408901186, 52.32867132867068, 7.3646960865944493, 5.886184298515218]
[7.2066229734382432, 11.635191980667514, 15.516096494915473, 3.973574408901186, 12.32867132867068, 4.3646960865944493, 22.886184298515218]
[20.206622973438243, 21.364808019332486, 5.5160964949154732, 13.973574408901186, 4.3286713286706799, 10.364696086594449, 11.886184298515218]
[1.2066229734382432, 10.364808019332486, 5.5160964949154732, 13.973574408901186, 3.6713286713293201, 16.364696086594449, 22.886184298515218]
[20.206622973438243, 31.364808019332486, 5.5160964949154732, 13.973574408901186, 4.3286713286706799, 7.3646960865944493, 5.886184298515218]
[26.206622973438243, 21.364808019332486, 5.5160964949154732, 6.026425591098814, 3.6713286713293201, 7.3646960865944493, 0.11381570148478204]
[20.206622973438243, 10.364808019332486, 15.516096494915473, 13.973574408901186, 4.3286713286706799, 13.364696086594449, 11.886184298515218]
[20.206622973438243, 10.364808019332486, 5.5160964949154732, 23.973574408901186, 12.32867132867068, 4.3646960865944493, 5.886184298515218]
[39.206622973438243, 10.364808019332486, 15.516096494915473, 33.973574408901186, 28.32867132867068, 22.364696086594449, 28.886184298515218]
[45.206622973438243, 21.364808019332486, 5.5160964949154732, 13.973574408901186, 20.32867132867068, 7.3646960865944493, 17.886184298515218]
[26.206622973438243, 10.364808019332486, 24.516096494915473, 23.973574408901186, 4.3286713286706799, 22.364696086594449, 22.886184298515218]
[51.206622973438243, 21.364808019332486, 15.516096494915473, 13.973574408901186, 4.3286713286706799, 27.364696086594449, 22.886184298515218]
[45.206622973438243, 21.364808019332486, 24.516096494915473, 23.973574408901186, 20.32867132867068, 10.364696086594449, 17.886184298515218]
[20.206622973438243, 21.364808019332486, 15.516096494915473, 13.973574408901186, 28.32867132867068, 13.364696086594449, 11.886184298515218]
[33.206622973438243, 10.364808019332486, 24.516096494915473, 13.973574408901186, 4.3286713286706799, 2.3646960865944493, 28.886184298515218]
[39.206622973438243, 21.364808019332486, 15.516096494915473, 23.973574408901186, 12.32867132867068, 27.364696086594449, 58.886184298515218]
[20.206622973438243, 21.364808019332486, 24.516096494915473, 13.973574408901186, 20.32867132867068, 7.3646960865944493, 28.886184298515218]
[33.206622973438243, 31.364808019332486, 15.516096494915473, 23.973574408901186, 12.32867132867068, 4.3646960865944493, 28.886184298515218]
[39.206622973438243, 31.364808019332486, 34.516096494915473, 13.973574408901186, 12.32867132867068, 16.364696086594449, 34.886184298515218]
[33.206622973438243, 21.364808019332486, 24.516096494915473, 33.973574408901186, 12.32867132867068, 19.364696086594449, 22.886184298515218]
[39.206622973438243, 31.364808019332486, 24.516096494915473, 13.973574408901186, 12.32867132867068, 13.364696086594449, 22.886184298515218]
[64.206622973438243, 31.364808019332486, 24.516096494915473, 33.973574408901186, 28.32867132867068, 36.364696086594449, 40.886184298515218]
[51.206622973438243, 42.364808019332486, 43.516096494915473, 43.973574408901186, 52.32867132867068, 39.364696086594449, 58.886184298515218]
[77.206622973438243, 53.364808019332486, 43.516096494915473, 53.973574408901186, 44.32867132867068, 58.364696086594449, 76.886184298515218]
[95.206622973438243, 74.364808019332486, 71.516096494915473, 43.973574408901186, 44.32867132867068, 89.364696086594449, 111.88618429851522]
[126.20662297343824, 116.36480801933249, 118.51609649491547, 63.973574408901186, 68.32867132867068, 127.36469608659445, 157.88618429851522]
[157.20662297343824, 158.36480801933249, 127.51609649491547, 83.973574408901186, 92.32867132867068, 160.36469608659445, 208.88618429851522]
[169.20662297343824, 220.36480801933249, 182.51609649491547, 83.973574408901186, 84.32867132867068, 216.36469608659445, 275.88618429851522]
[248.20662297343824, 301.36480801933249, 254.51609649491547, 103.97357440890119, 108.32867132867068, 257.36469608659445, 412.88618429851522]
[283.20662297343824, 430.36480801933249, 334.51609649491547, 133.97357440890119, 108.32867132867068, 321.36469608659445, 563.88618429851522]
[301.20662297343824, 566.36480801933249, 430.51609649491547, 162.97357440890119, 124.32867132867068, 451.36469608659445, 772.88618429851522]
[307.20662297343824, 744.36480801933249, 557.51609649491547, 162.97357440890119, 139.32867132867068, 624.36469608659445, 918.88618429851522]
[324.20662297343824, 942.36480801933249, 689.51609649491547, 172.97357440890119, 186.32867132867068, 981.36469608659445, 853.88618429851522]
[330.20662297343824, 1114.3648080193325, 721.51609649491547, 152.97357440890119, 263.32867132867068, 1595.3646960865944, 609.88618429851522]
[319.20662297343824, 1114.3648080193325, 648.51609649491547, 133.97357440890119, 397.32867132867068, 1788.3646960865944, 444.88618429851522]
[330.20662297343824, 1080.3648080193325, 632.51609649491547, 152.97357440890119, 563.32867132867068, 1276.3646960865944, 363.88618429851522]
[307.20662297343824, 959.36480801933249, 574.51609649491547, 123.97357440890119, 709.32867132867068, 898.36469608659445, 303.88618429851522]
[330.20662297343824, 799.36480801933249, 481.51609649491547, 162.97357440890119, 736.32867132867068, 685.36469608659445, 275.88618429851522]
[301.20662297343824, 642.36480801933249, 464.51609649491547, 152.97357440890119, 654.32867132867068, 536.36469608659445, 248.88618429851522]
[248.20662297343824, 470.36480801933249, 369.51609649491547, 152.97357440890119, 492.32867132867068, 408.36469608659445, 225.88618429851522]
[212.20662297343824, 321.36480801933249, 263.51609649491547, 113.97357440890119, 338.32867132867068, 301.36469608659445, 203.88618429851522]
[181.20662297343824, 230.36480801933249, 200.51609649491547, 103.97357440890119, 232.32867132867068, 224.36469608659445, 157.88618429851522]
[163.20662297343824, 158.36480801933249, 145.51609649491547, 83.973574408901186, 163.32867132867068, 160.36469608659445, 117.88618429851522]
[151.20662297343824, 116.36480801933249, 108.51609649491547, 83.973574408901186, 139.32867132867068, 127.36469608659445, 140.88618429851522]
[108.20662297343824, 95.364808019332486, 80.516096494915473, 73.973574408901186, 68.32867132867068, 86.364696086594449, 99.886184298515218]
[95.206622973438243, 53.364808019332486, 62.516096494915473, 63.973574408901186, 76.32867132867068, 69.364696086594449, 82.886184298515218]
[77.206622973438243, 53.364808019332486, 43.516096494915473, 53.973574408901186, 36.32867132867068, 44.364696086594449, 70.886184298515218]
[64.206622973438243, 53.364808019332486, 43.516096494915473, 33.973574408901186, 44.32867132867068, 44.364696086594449, 64.886184298515218]
[39.206622973438243, 42.364808019332486, 43.516096494915473, 43.973574408901186, 28.32867132867068, 47.364696086594449, 64.886184298515218]
[39.206622973438243, 42.364808019332486, 34.516096494915473, 33.973574408901186, 28.32867132867068, 33.364696086594449, 34.886184298515218]
[51.206622973438243, 31.364808019332486, 34.516096494915473, 43.973574408901186, 28.32867132867068, 30.364696086594449, 40.886184298515218]
[26.206622973438243, 31.364808019332486, 24.516096494915473, 33.973574408901186, 28.32867132867068, 41.364696086594449, 34.886184298515218]
[51.206622973438243, 31.364808019332486, 34.516096494915473, 43.973574408901186, 36.32867132867068, 30.364696086594449, 46.886184298515218]
[39.206622973438243, 31.364808019332486, 34.516096494915473, 33.973574408901186, 20.32867132867068, 24.364696086594449, 52.886184298515218]
[39.206622973438243, 21.364808019332486, 43.516096494915473, 33.973574408901186, 20.32867132867068, 36.364696086594449, 28.886184298515218]
[51.206622973438243, 21.364808019332486, 34.516096494915473, 33.973574408901186, 20.32867132867068, 33.364696086594449, 22.886184298515218]
[33.206622973438243, 21.364808019332486, 24.516096494915473, 23.973574408901186, 28.32867132867068, 36.364696086594449, 40.886184298515218]
