[2.9819621645401639, 12.613995485327905, 12.176287467758812, 14.467889908257348, 3.1036054703690752, 3.0124300807956388, 2.8362263054696086]
[2.9819621645401639, 0.61399548532790504, 1.1762874677588115, 3.467889908257348, 5.8963945296309248, 3.0124300807956388, 12.163773694530391]
[2.9819621645401639, 11.386004514672095, 19.823712532241188, 14.467889908257348, 22.103605470369075, 3.0124300807956388, 4.1637736945303914]
[4.0180378354598361, 11.386004514672095, 8.8237125322411885, 7.532110091742652, 14.896394529630925, 10.012430080795639, 33.163773694530391]
[9.9819621645401639, 0.61399548532790504, 1.1762874677588115, 3.467889908257348, 3.1036054703690752, 7.9875699192043612, 9.8362263054696086]
[17.981962164540164, 0.61399548532790504, 19.823712532241188, 3.467889908257348, 5.8963945296309248, 0.98756991920436121, 2.8362263054696086]
[2.9819621645401639, 0.61399548532790504, 12.176287467758812, 7.532110091742652, 12.103605470369075, 0.98756991920436121, 2.8362263054696086]
[11.018037835459836, 12.613995485327905, 1.1762874677588115, 3.467889908257348, 5.8963945296309248, 7.9875699192043612, 16.836226305469609]
[4.0180378354598361, 12.613995485327905, 19.823712532241188, 14.467889908257348, 14.896394529630925, 3.9875699192043612, 9.8362263054696086]
[2.9819621645401639, 0.61399548532790504, 8.8237125322411885, 7.532110091742652, 14.896394529630925, 0.98756991920436121, 4.1637736945303914]
[4.0180378354598361, 0.61399548532790504, 8.8237125322411885, 3.467889908257348, 5.8963945296309248, 10.012430080795639, 12.163773694530391]
[4.0180378354598361, 0.61399548532790504, 12.176287467758812, 7.532110091742652, 5.8963945296309248, 7.0124300807956388, 2.8362263054696086]
[4.0180378354598361, 0.61399548532790504, 1.1762874677588115, 3.467889908257348, 3.1036054703690752, 3.9875699192043612, 9.8362263054696086]
[4.0180378354598361, 0.61399548532790504, 33.176287467758812, 7.532110091742652, 5.8963945296309248, 14.987569919204361, 19.163773694530391]
[2.9819621645401639, 0.61399548532790504, 12.176287467758812, 7.532110091742652, 5.8963945296309248, 7.9875699192043612, 19.163773694530391]
[11.018037835459836, 0.61399548532790504, 8.8237125322411885, 14.467889908257348, 5.8963945296309248, 14.987569919204361, 2.8362263054696086]
[11.018037835459836, 0.61399548532790504, 19.823712532241188, 14.467889908257348, 5.8963945296309248, 7.9875699192043612, 4.1637736945303914]
[11.018037835459836, 11.386004514672095, 1.1762874677588115, 3.467889908257348, 14.896394529630925, 0.98756991920436121, 9.8362263054696086]
[4.0180378354598361, 0.61399548532790504, 1.1762874677588115, 3.467889908257348, 5.8963945296309248, 0.98756991920436121, 4.1637736945303914]
[2.9819621645401639, 0.61399548532790504, 12.176287467758812, 19.532110091742652, 3.1036054703690752, 7.9875699192043612, 26.163773694530391]
[9.9819621645401639, 0.61399548532790504, 1.1762874677588115, 3.467889908257348, 3.1036054703690752, 3.9875699192043612, 4.1637736945303914]
[9.9819621645401639, 12.613995485327905, 1.1762874677588115, 3.467889908257348, 3.1036054703690752, 7.9875699192043612, 12.163773694530391]
[4.0180378354598361, 12.613995485327905, 12.176287467758812, 7.532110091742652, 3.1036054703690752, 7.0124300807956388, 9.8362263054696086]
[11.018037835459836, 12.613995485327905, 8.8237125322411885, 3.467889908257348, 5.8963945296309248, 14.987569919204361, 4.1637736945303914]
[11.018037835459836, 0.61399548532790504, 1.1762874677588115, 19.532110091742652, 14.896394529630925, 3.0124300807956388, 4.1637736945303914]
[9.9819621645401639, 12.613995485327905, 8.8237125322411885, 3.467889908257348, 5.8963945296309248, 7.9875699192043612, 16.836226305469609]
[4.0180378354598361, 23.386004514672095, 1.1762874677588115, 19.532110091742652, 14.896394529630925, 7.9875699192043612, 19.163773694530391]
[9.9819621645401639, 0.61399548532790504, 12.176287467758812, 7.532110091742652, 3.1036054703690752, 10.987569919204361, 4.1637736945303914]
[11.018037835459836, 24.613995485327905, 12.176287467758812, 3.467889908257348, 5.8963945296309248, 14.987569919204361, 19.163773694530391]
[33.018037835459836, 35.613995485327905, 22.176287467758812, 3.467889908257348, 32.896394529630925, 17.987569919204361, 4.1637736945303914]
[33.018037835459836, 12.613995485327905, 1.1762874677588115, 7.532110091742652, 23.896394529630925, 21.987569919204361, 12.163773694530391]
[40.018037835459836, 24.613995485327905, 1.1762874677588115, 7.532110091742652, 42.896394529630925, 32.987569919204361, 33.163773694530391]
[54.018037835459836, 12.613995485327905, 12.176287467758812, 19.532110091742652, 32.896394529630925, 28.987569919204361, 19.163773694530391]
[47.018037835459836, 35.613995485327905, 22.176287467758812, 30.532110091742652, 51.896394529630925, 49.987569919204361, 40.163773694530391]
[104.01803783545984, 70.613995485327905, 43.176287467758812, 30.532110091742652, 96.896394529630925, 88.987569919204361, 88.163773694530391]
[173.01803783545984, 140.61399548532791, 75.176287467758812, 41.532110091742652, 176.89639452963092, 129.98756991920436, 102.16377369453039]
[269.01803783545984, 243.61399548532791, 96.176287467758812, 30.532110091742652, 281.89639452963092, 194.98756991920436, 123.16377369453039]
[395.01803783545984, 366.61399548532791, 116.17628746775881, 63.532110091742652, 392.89639452963092, 315.98756991920436, 157.16377369453039]
[535.01803783545984, 496.61399548532791, 137.17628746775881, 41.532110091742652, 517.89639452963092, 465.98756991920436, 164.16377369453039]
[677.01803783545984, 603.61399548532791, 137.17628746775881, 52.532110091742652, 566.89639452963092, 644.98756991920436, 197.16377369453039]
[738.01803783545984, 728.61399548532791, 168.17628746775881, 75.532110091742652, 582.89639452963092, 856.98756991920436, 231.16377369453039]
[629.01803783545984, 978.61399548532791, 219.17628746775881, 97.532110091742652, 622.89639452963092, 1044.9875699192044, 271.16377369453039]
[408.01803783545984, 1639.6139954853279, 349.17628746775881, 97.532110091742652, 646.89639452963092, 1180.9875699192044, 271.16377369453039]
[248.01803783545984, 1093.6139954853279, 664.17628746775881, 163.53211009174265, 717.89639452963092, 1452.9875699192044, 323.16377369453039]
[173.01803783545984, 442.61399548532791, 1510.1762874677588, 271.53211009174265, 670.89639452963092, 1225.9875699192044, 323.16377369453039]
[111.01803783545984, 220.61399548532791, 1027.1762874677588, 510.53211009174265, 614.89639452963092, 1047.9875699192044, 349.16377369453039]
[125.01803783545984, 152.61399548532791, 466.17628746775881, 700.53211009174265, 476.89639452963092, 703.98756991920436, 355.16377369453039]
[75.018037835459836, 117.61399548532791, 289.17628746775881, 500.53211009174265, 350.89639452963092, 450.98756991920436, 277.16377369453039]
[75.018037835459836, 94.613995485327905, 219.17628746775881, 303.53211009174265, 229.89639452963092, 290.98756991920436, 244.16377369453039]
[68.018037835459836, 105.61399548532791, 158.17628746775881, 195.53211009174265, 150.89639452963092, 201.98756991920436, 150.16377369453039]
[47.018037835459836, 94.613995485327905, 106.17628746775881, 130.53211009174265, 123.89639452963092, 136.98756991920436, 123.16377369453039]
[54.018037835459836, 59.613995485327905, 75.176287467758812, 97.532110091742652, 96.896394529630925, 112.98756991920436, 102.16377369453039]
[61.018037835459836, 59.613995485327905, 54.176287467758812, 63.532110091742652, 69.896394529630925, 77.987569919204361, 81.163773694530391]
[47.018037835459836, 35.613995485327905, 43.176287467758812, 41.532110091742652, 51.896394529630925, 49.987569919204361, 61.163773694530391]
[33.018037835459836, 12.613995485327905, 22.176287467758812, 41.532110091742652, 51.896394529630925, 28.987569919204361, 67.163773694530391]
[26.018037835459836, 24.613995485327905, 12.176287467758812, 19.532110091742652, 14.896394529630925, 25.987569919204361, 26.163773694530391]
[18.018037835459836, 12.613995485327905, 12.176287467758812, 7.532110091742652, 14.896394529630925, 7.9875699192043612, 19.163773694530391]
[11.018037835459836, 12.613995485327905, 1.1762874677588115, 7.532110091742652, 5.8963945296309248, 7.9875699192043612, 12.163773694530391]
[2.9819621645401639, 0.61399548532790504, 8.8237125322411885, 7.532110091742652, 5.8963945296309248, 21.987569919204361, 12.163773694530391]
[11.018037835459836, 0.61399548532790504, 8.8237125322411885, 7.532110091742652, 14.896394529630925, 0.98756991920436121, 12.163773694530391]
[2.9819621645401639, 11.386004514672095, 12.176287467758812, 30.532110091742652, 5.8963945296309248, 0.98756991920436121, 19.163773694530391]
[4.0180378354598361, 0.61399548532790504, 1.1762874677588115, 7.532110091742652, 5.8963945296309248, 7.9875699192043612, 9.8362263054696086]
[17.981962164540164, 0.61399548532790504, 1.1762874677588115, 7.532110091742652, 3.1036054703690752, 7.9875699192043612, 12.163773694530391]
[18.018037835459836, 0.61399548532790504, 1.1762874677588115, 19.532110091742652, 12.103605470369075, 3.0124300807956388, 4.1637736945303914]
[9.9819621645401639, 11.386004514672095, 1.1762874677588115, 3.467889908257348, 12.103605470369075, 17.987569919204361, 30.836226305469609]
[2.9819621645401639, 12.613995485327905, 8.8237125322411885, 3.467889908257348, 3.1036054703690752, 3.9875699192043612, 4.1637736945303914]
[4.0180378354598361, 0.61399548532790504, 8.8237125322411885, 3.467889908257348, 3.1036054703690752, 3.9875699192043612, 23.836226305469609]
[17.981962164540164, 0.61399548532790504, 1.1762874677588115, 7.532110091742652, 5.8963945296309248, 3.9875699192043612, 9.8362263054696086]
[9.9819621645401639, 23.386004514672095, 8.8237125322411885, 7.532110091742652, 3.1036054703690752, 7.0124300807956388, 9.8362263054696086]
[9.9819621645401639, 0.61399548532790504, 1.1762874677588115, 3.467889908257348, 3.1036054703690752, 3.0124300807956388, 9.8362263054696086]
[17.981962164540164, 0.61399548532790504, 8.8237125322411885, 3.467889908257348, 12.103605470369075, 18.012430080795639, 12.163773694530391]
[17.981962164540164, 0.61399548532790504, 8.8237125322411885, 7.532110091742652, 3.1036054703690752, 7.0124300807956388, 9.8362263054696086]
[4.0180378354598361, 0.61399548532790504, 8.8237125322411885, 3.467889908257348, 3.1036054703690752, 7.0124300807956388, 9.8362263054696086]
[2.9819621645401639, 11.386004514672095, 19.823712532241188, 14.467889908257348, 22.103605470369075, 10.012430080795639, 16.836226305469609]
[24.981962164540164, 11.386004514672095, 19.823712532241188, 14.467889908257348, 14.896394529630925, 0.98756991920436121, 2.8362263054696086]
[4.0180378354598361, 11.386004514672095, 12.176287467758812, 19.532110091742652, 3.1036054703690752, 18.012430080795639, 2.8362263054696086]
[9.9819621645401639, 0.61399548532790504, 1.1762874677588115, 7.532110091742652, 12.103605470369075, 7.0124300807956388, 2.8362263054696086]
[17.981962164540164, 0.61399548532790504, 1.1762874677588115, 14.467889908257348, 12.103605470369075, 7.0124300807956388, 4.1637736945303914]
[9.9819621645401639, 0.61399548532790504, 8.8237125322411885, 7.532110091742652, 3.1036054703690752, 25.012430080795639, 23.836226305469609]
[9.9819621645401639, 0.61399548532790504, 8.8237125322411885, 3.467889908257348, 22.103605470369075, 14.012430080795639, 2.8362263054696086]
[31.981962164540164, 11.386004514672095, 19.823712532241188, 3.467889908257348, 12.103605470369075, 18.012430080795639, 9.8362263054696086]
[2.9819621645401639, 11.386004514672095, 8.8237125322411885, 14.467889908257348, 3.1036054703690752, 7.0124300807956388, 9.8362263054696086]
[24.981962164540164, 23.386004514672095, 8.8237125322411885, 14.467889908257348, 22.103605470369075, 21.012430080795639, 23.836226305469609]
[9.9819621645401639, 23.386004514672095, 19.823712532241188, 3.467889908257348, 12.103605470369075, 14.012430080795639, 9.8362263054696086]
[38.981962164540164, 23.386004514672095, 8.8237125322411885, 3.467889908257348, 31.103605470369075, 14.012430080795639, 2.8362263054696086]
[17.981962164540164, 23.386004514672095, 8.8237125322411885, 3.467889908257348, 12.103605470369075, 7.0124300807956388, 4.1637736945303914]
[17.981962164540164, 11.386004514672095, 8.8237125322411885, 14.467889908257348, 12.103605470369075, 3.0124300807956388, 2.8362263054696086]
[31.981962164540164, 0.61399548532790504, 8.8237125322411885, 3.467889908257348, 3.1036054703690752, 0.98756991920436121, 9.8362263054696086]
[17.981962164540164, 0.61399548532790504, 8.8237125322411885, 25.467889908257348, 3.1036054703690752, 14.012430080795639, 23.836226305469609]
[2.9819621645401639, 11.386004514672095, 8.8237125322411885, 7.532110091742652, 3.1036054703690752, 21.012430080795639, 16.836226305469609]
[31.981962164540164, 11.386004514672095, 8.8237125322411885, 3.467889908257348, 3.1036054703690752, 0.98756991920436121, 23.836226305469609]
[17.981962164540164, 23.386004514672095, 8.8237125322411885, 3.467889908257348, 12.103605470369075, 21.012430080795639, 2.8362263054696086]
[24.981962164540164, 11.386004514672095, 8.8237125322411885, 14.467889908257348, 31.103605470369075, 25.012430080795639, 4.1637736945303914]
[38.981962164540164, 11.386004514672095, 8.8237125322411885, 3.467889908257348, 3.1036054703690752, 3.0124300807956388, 4.1637736945303914]
[31.981962164540164, 0.61399548532790504, 8.8237125322411885, 14.467889908257348, 12.103605470369075, 3.0124300807956388, 23.836226305469609]
[17.981962164540164, 0.61399548532790504, 8.8237125322411885, 3.467889908257348, 3.1036054703690752, 25.012430080795639, 16.836226305469609]
[9.9819621645401639, 23.386004514672095, 30.823712532241188, 14.467889908257348, 12.103605470369075, 18.012430080795639, 23.836226305469609]
[17.981962164540164, 23.386004514672095, 8.8237125322411885, 3.467889908257348, 12.103605470369075, 10.012430080795639, 4.1637736945303914]
[24.981962164540164, 11.386004514672095, 8.8237125322411885, 14.467889908257348, 22.103605470369075, 18.012430080795639, 2.8362263054696086]
[24.981962164540164, 0.61399548532790504, 8.8237125322411885, 25.467889908257348, 22.103605470369075, 18.012430080795639, 12.163773694530391]
[17.981962164540164, 11.386004514672095, 8.8237125322411885, 14.467889908257348, 12.103605470369075, 3.0124300807956388, 23.836226305469609]
[24.981962164540164, 12.613995485327905, 8.8237125322411885, 7.532110091742652, 3.1036054703690752, 3.0124300807956388, 16.836226305469609]
[11.018037835459836, 0.61399548532790504, 8.8237125322411885, 30.532110091742652, 3.1036054703690752, 21.012430080795639, 30.836226305469609]
[24.981962164540164, 23.386004514672095, 8.8237125322411885, 3.467889908257348, 12.103605470369075, 10.012430080795639, 23.836226305469609]
[24.981962164540164, 23.386004514672095, 8.8237125322411885, 14.467889908257348, 3.1036054703690752, 14.012430080795639, 26.163773694530391]
[31.981962164540164, 23.386004514672095, 8.8237125322411885, 14.467889908257348, 22.103605470369075, 21.012430080795639, 16.836226305469609]
[17.981962164540164, 0.61399548532790504, 1.1762874677588115, 14.467889908257348, 31.103605470369075, 7.0124300807956388, 9.8362263054696086]
[17.981962164540164, 11.386004514672095, 8.8237125322411885, 3.467889908257348, 22.103605470369075, 14.012430080795639, 16.836226305469609]
[17.981962164540164, 0.61399548532790504, 8.8237125322411885, 14.467889908257348, 22.103605470369075, 7.0124300807956388, 16.836226305469609]
[2.9819621645401639, 11.386004514672095, 30.823712532241188, 14.467889908257348, 22.103605470369075, 3.0124300807956388, 30.836226305469609]
