[8.9357195032880554, 11.211828662479093, 0.61702127659555117, 3.1645187825615722, 5.1456663637109159, 21.44545033691702, 11.889883100014231]
[8.9357195032880554, 11.211828662479093, 0.61702127659555117, 3.1645187825615722, 5.1456663637109159, 0.44545033691701974, 15.110116899985769]
[15.935719503288055, 11.211828662479093, 0.61702127659555117, 14.164518782561572, 22.854333636289084, 0.44545033691701974, 2.1101168999857691]
[8.9357195032880554, 11.788171337520907, 10.617021276595551, 25.164518782561572, 3.8543336362890841, 3.4454503369170197, 29.110116899985769]
[5.0642804967119446, 23.211828662479093, 10.617021276595551, 3.1645187825615722, 3.8543336362890841, 10.44545033691702, 2.1101168999857691]
[8.9357195032880554, 23.211828662479093, 10.617021276595551, 3.1645187825615722, 5.1456663637109159, 14.44545033691702, 9.1101168999857691]
[22.935719503288055, 23.211828662479093, 21.617021276595551, 3.1645187825615722, 13.854333636289084, 10.44545033691702, 36.110116899985769]
[15.935719503288055, 11.211828662479093, 21.617021276595551, 14.164518782561572, 3.8543336362890841, 10.44545033691702, 15.110116899985769]
[15.935719503288055, 11.211828662479093, 10.617021276595551, 14.164518782561572, 13.854333636289084, 28.44545033691702, 29.110116899985769]
[8.9357195032880554, 23.211828662479093, 0.61702127659555117, 14.164518782561572, 13.854333636289084, 7.4454503369170197, 29.110116899985769]
[29.935719503288055, 11.211828662479093, 21.617021276595551, 14.164518782561572, 22.854333636289084, 21.44545033691702, 36.110116899985769]
[15.935719503288055, 23.211828662479093, 10.617021276595551, 14.164518782561572, 22.854333636289084, 21.44545033691702, 29.110116899985769]
[29.935719503288055, 11.211828662479093, 21.617021276595551, 25.164518782561572, 3.8543336362890841, 31.44545033691702, 50.110116899985769]
[22.935719503288055, 23.211828662479093, 31.617021276595551, 25.164518782561572, 13.854333636289084, 21.44545033691702, 29.110116899985769]
[50.935719503288055, 34.211828662479093, 21.617021276595551, 14.164518782561572, 22.854333636289084, 28.44545033691702, 36.110116899985769]
[50.935719503288055, 34.211828662479093, 21.617021276595551, 3.1645187825615722, 31.854333636289084, 52.44545033691702, 43.110116899985769]
[65.935719503288055, 23.211828662479093, 21.617021276595551, 25.164518782561572, 31.854333636289084, 28.44545033691702, 29.110116899985769]
[50.935719503288055, 34.211828662479093, 42.617021276595551, 25.164518782561572, 49.854333636289084, 52.44545033691702, 57.110116899985769]
[93.935719503288055, 58.211828662479093, 31.617021276595551, 25.164518782561572, 49.854333636289084, 35.44545033691702, 50.110116899985769]
[120.93571950328806, 69.211828662479093, 42.617021276595551, 25.164518782561572, 58.854333636289084, 63.44545033691702, 64.110116899985769]
[134.93571950328806, 81.211828662479093, 63.617021276595551, 37.164518782561572, 67.854333636289084, 63.44545033691702, 57.110116899985769]
[210.93571950328806, 104.21182866247909, 52.617021276595551, 25.164518782561572, 121.85433363628908, 128.44545033691702, 91.110116899985769]
[349.93571950328806, 161.21182866247909, 63.617021276595551, 59.164518782561572, 209.85433363628908, 188.44545033691702, 132.11011689998577]
[522.93571950328806, 229.21182866247909, 94.617021276595551, 48.164518782561572, 287.85433363628908, 283.44545033691702, 172.11011689998577]
[747.93571950328806, 308.21182866247909, 104.61702127659555, 59.164518782561572, 338.85433363628908, 453.44545033691702, 212.11011689998577]
[925.93571950328806, 428.21182866247909, 135.61702127659555, 70.164518782561572, 363.85433363628908, 754.44545033691702, 278.11011689998577]
[817.93571950328806, 743.21182866247909, 196.61702127659555, 81.164518782561572, 389.85433363628908, 1254.445450336917, 374.11011689998577]
[491.93571950328806, 1544.2118286624791, 326.61702127659555, 125.16451878256157, 397.85433363628908, 1585.445450336917, 412.11011689998577]
[263.93571950328806, 1225.2118286624791, 667.61702127659555, 168.16451878256157, 430.85433363628908, 2244.445450336917, 468.11011689998577]
[182.93571950328806, 514.21182866247909, 1485.6170212765956, 254.16451878256157, 414.85433363628908, 1725.445450336917, 480.11011689998577]
[134.93571950328806, 285.21182866247909, 1186.6170212765956, 472.16451878256157, 389.85433363628908, 1347.445450336917, 474.11011689998577]
[120.93571950328806, 184.21182866247909, 537.61702127659555, 652.16451878256157, 321.85433363628908, 727.44545033691702, 418.11011689998577]
[93.935719503288055, 127.21182866247909, 316.61702127659555, 411.16451878256157, 218.85433363628908, 411.44545033691702, 329.11011689998577]
[79.935719503288055, 116.21182866247909, 206.61702127659555, 275.16451878256157, 174.85433363628908, 276.44545033691702, 251.11011689998577]
[72.935719503288055, 81.211828662479093, 155.61702127659555, 179.16451878256157, 112.85433363628908, 178.44545033691702, 165.11011689998577]
[50.935719503288055, 69.211828662479093, 114.61702127659555, 92.164518782561572, 76.854333636289084, 125.44545033691702, 125.11011689998577]
[65.935719503288055, 58.211828662479093, 83.617021276595551, 70.164518782561572, 58.854333636289084, 80.44545033691702, 78.110116899985769]
[65.935719503288055, 46.211828662479093, 63.617021276595551, 59.164518782561572, 49.854333636289084, 63.44545033691702, 71.110116899985769]
[29.935719503288055, 23.211828662479093, 31.617021276595551, 48.164518782561572, 31.854333636289084, 38.44545033691702, 64.110116899985769]
[29.935719503288055, 11.211828662479093, 31.617021276595551, 37.164518782561572, 22.854333636289084, 24.44545033691702, 36.110116899985769]
[15.935719503288055, 23.211828662479093, 21.617021276595551, 37.164518782561572, 22.854333636289084, 28.44545033691702, 9.1101168999857691]
[22.935719503288055, 0.7881713375209074, 10.617021276595551, 14.164518782561572, 3.8543336362890841, 10.44545033691702, 43.110116899985769]
[8.9357195032880554, 11.211828662479093, 21.617021276595551, 3.1645187825615722, 5.1456663637109159, 3.5545496630829803, 15.110116899985769]
[1.9357195032880554, 11.211828662479093, 10.617021276595551, 3.1645187825615722, 22.854333636289084, 6.5545496630829803, 2.1101168999857691]
[1.9357195032880554, 11.211828662479093, 10.382978723404449, 7.8354812174384278, 3.8543336362890841, 10.44545033691702, 11.889883100014231]
[1.9357195032880554, 0.7881713375209074, 0.61702127659555117, 14.164518782561572, 3.8543336362890841, 10.44545033691702, 15.110116899985769]
[5.0642804967119446, 11.788171337520907, 0.61702127659555117, 3.1645187825615722, 5.1456663637109159, 3.5545496630829803, 2.1101168999857691]
[20.064280496711945, 0.7881713375209074, 10.382978723404449, 3.1645187825615722, 3.8543336362890841, 13.55454966308298, 25.889883100014231]
[13.064280496711945, 11.788171337520907, 0.61702127659555117, 3.1645187825615722, 14.145666363710916, 6.5545496630829803, 18.889883100014231]
[20.064280496711945, 0.7881713375209074, 10.382978723404449, 7.8354812174384278, 14.145666363710916, 3.4454503369170197, 9.1101168999857691]
[20.064280496711945, 0.7881713375209074, 10.382978723404449, 7.8354812174384278, 3.8543336362890841, 3.5545496630829803, 25.889883100014231]
[20.064280496711945, 0.7881713375209074, 20.382978723404449, 7.8354812174384278, 5.1456663637109159, 10.55454966308298, 39.889883100014231]
[13.064280496711945, 23.788171337520907, 20.382978723404449, 7.8354812174384278, 5.1456663637109159, 13.55454966308298, 25.889883100014231]
[13.064280496711945, 0.7881713375209074, 0.61702127659555117, 3.1645187825615722, 5.1456663637109159, 6.5545496630829803, 25.889883100014231]
[5.0642804967119446, 23.788171337520907, 0.61702127659555117, 18.835481217438428, 5.1456663637109159, 17.55454966308298, 11.889883100014231]
[20.064280496711945, 23.788171337520907, 42.617021276595551, 14.164518782561572, 14.145666363710916, 13.55454966308298, 11.889883100014231]
[13.064280496711945, 0.7881713375209074, 0.61702127659555117, 7.8354812174384278, 3.8543336362890841, 17.55454966308298, 18.889883100014231]
