[17.626428362143997, 2.7506107874451118, 4.2367579097044654, 4.664436910106815, 6.3541097591260041, 9.441860465116406, 20.820884699056478]
[2.6264283621439972, 2.7506107874451118, 14.236757909704465, 4.664436910106815, 2.6458902408739959, 2.441860465116406, 0.17911530094352202]
[2.6264283621439972, 2.7506107874451118, 4.2367579097044654, 4.664436910106815, 11.645890240873996, 16.441860465116406, 6.820884699056478]
[4.3735716378560028, 2.7506107874451118, 16.763242090295535, 4.664436910106815, 11.645890240873996, 11.558139534883594, 20.820884699056478]
[17.626428362143997, 2.7506107874451118, 6.7632420902955346, 4.664436910106815, 11.645890240873996, 4.558139534883594, 8.179115300943522]
[4.3735716378560028, 2.7506107874451118, 6.7632420902955346, 7.335563089893185, 6.3541097591260041, 9.441860465116406, 15.179115300943522]
[4.3735716378560028, 2.7506107874451118, 4.2367579097044654, 7.335563089893185, 2.6458902408739959, 8.558139534883594, 27.820884699056478]
[4.3735716378560028, 2.7506107874451118, 4.2367579097044654, 7.335563089893185, 2.6458902408739959, 5.441860465116406, 20.820884699056478]
[4.3735716378560028, 14.750610787445112, 4.2367579097044654, 4.664436910106815, 2.6458902408739959, 20.441860465116406, 20.820884699056478]
[2.6264283621439972, 14.750610787445112, 14.236757909704465, 15.664436910106815, 2.6458902408739959, 15.558139534883594, 6.820884699056478]
[9.6264283621439972, 14.750610787445112, 4.2367579097044654, 7.335563089893185, 2.6458902408739959, 20.441860465116406, 0.17911530094352202]
[4.3735716378560028, 2.7506107874451118, 6.7632420902955346, 7.335563089893185, 2.6458902408739959, 13.441860465116406, 13.820884699056478]
[9.6264283621439972, 9.2493892125548882, 6.7632420902955346, 4.664436910106815, 2.6458902408739959, 13.441860465116406, 27.820884699056478]
[4.3735716378560028, 2.7506107874451118, 6.7632420902955346, 18.335563089893185, 2.6458902408739959, 1.558139534883594, 13.820884699056478]
[2.6264283621439972, 2.7506107874451118, 4.2367579097044654, 7.335563089893185, 11.645890240873996, 2.441860465116406, 13.820884699056478]
[11.373571637856003, 2.7506107874451118, 6.7632420902955346, 4.664436910106815, 2.6458902408739959, 1.558139534883594, 6.820884699056478]
[2.6264283621439972, 2.7506107874451118, 6.7632420902955346, 4.664436910106815, 6.3541097591260041, 5.441860465116406, 15.179115300943522]
[9.6264283621439972, 2.7506107874451118, 6.7632420902955346, 4.664436910106815, 6.3541097591260041, 16.441860465116406, 8.179115300943522]
[9.6264283621439972, 14.750610787445112, 14.236757909704465, 4.664436910106815, 11.645890240873996, 13.441860465116406, 20.820884699056478]
[31.626428362143997, 9.2493892125548882, 14.236757909704465, 18.335563089893185, 11.645890240873996, 9.441860465116406, 34.820884699056478]
[9.6264283621439972, 2.7506107874451118, 14.236757909704465, 4.664436910106815, 20.645890240873996, 20.441860465116406, 27.820884699056478]
[31.626428362143997, 14.750610787445112, 25.236757909704465, 7.335563089893185, 20.645890240873996, 23.441860465116406, 27.820884699056478]
[38.626428362143997, 49.750610787445112, 14.236757909704465, 18.335563089893185, 39.645890240873996, 37.441860465116406, 48.820884699056478]
[73.626428362143997, 49.750610787445112, 25.236757909704465, 29.335563089893185, 57.645890240873996, 62.441860465116406, 27.820884699056478]
[116.626428362144, 95.750610787445112, 46.236757909704465, 18.335563089893185, 120.645890240874, 114.44186046511641, 68.820884699056478]
[212.626428362144, 165.75061078744511, 56.236757909704465, 29.335563089893185, 182.645890240874, 152.44186046511641, 96.820884699056478]
[359.626428362144, 233.75061078744511, 77.236757909704465, 40.335563089893185, 252.645890240874, 248.44186046511641, 117.82088469905648]
[508.626428362144, 311.75061078744511, 88.236757909704465, 40.335563089893185, 304.645890240874, 386.44186046511641, 184.82088469905648]
[656.626428362144, 411.75061078744511, 119.23675790970447, 63.335563089893185, 321.645890240874, 589.44186046511641, 224.82088469905648]
[752.626428362144, 561.75061078744511, 150.23675790970447, 63.335563089893185, 363.645890240874, 873.44186046511641, 277.82088469905648]
[668.626428362144, 829.75061078744511, 211.23675790970447, 74.335563089893185, 397.645890240874, 1188.4418604651164, 323.82088469905648]
[437.626428362144, 1396.7506107874451, 321.23675790970447, 107.33556308989318, 414.645890240874, 1385.4418604651164, 375.82088469905648]
[260.626428362144, 1242.7506107874451, 553.23675790970447, 140.33556308989318, 447.645890240874, 1647.4418604651164, 426.82088469905648]
[192.626428362144, 508.75061078744511, 1202.2367579097045, 237.33556308989318, 439.645890240874, 1385.4418604651164, 413.82088469905648]
[136.626428362144, 244.75061078744511, 1002.2367579097045, 427.33556308989318, 397.645890240874, 1063.4418604651164, 438.82088469905648]
[73.626428362143997, 176.75061078744511, 458.23675790970447, 589.33556308989318, 312.645890240874, 658.44186046511641, 400.82088469905648]
[59.626428362143997, 130.75061078744511, 281.23675790970447, 458.33556308989318, 235.645890240874, 426.44186046511641, 317.82088469905648]
[66.626428362143997, 95.750610787445112, 190.23675790970447, 280.33556308989318, 191.645890240874, 287.44186046511641, 224.82088469905648]
[52.626428362143997, 84.750610787445112, 150.23675790970447, 194.33556308989318, 147.645890240874, 209.44186046511641, 178.82088469905648]
[52.626428362143997, 60.750610787445112, 108.23675790970447, 140.33556308989318, 120.645890240874, 141.44186046511641, 123.82088469905648]
[52.626428362143997, 49.750610787445112, 67.236757909704465, 96.335563089893185, 93.645890240873996, 107.44186046511641, 89.820884699056478]
[66.626428362143997, 60.750610787445112, 77.236757909704465, 74.335563089893185, 75.645890240873996, 65.441860465116406, 68.820884699056478]
[17.626428362143997, 37.750610787445112, 46.236757909704465, 51.335563089893185, 66.645890240873996, 51.441860465116406, 61.820884699056478]
[31.626428362143997, 14.750610787445112, 35.236757909704465, 29.335563089893185, 30.645890240873996, 41.441860465116406, 54.820884699056478]
[9.6264283621439972, 25.750610787445112, 25.236757909704465, 7.335563089893185, 20.645890240873996, 23.441860465116406, 27.820884699056478]
[17.626428362143997, 25.750610787445112, 4.2367579097044654, 7.335563089893185, 2.6458902408739959, 13.441860465116406, 13.820884699056478]
[9.6264283621439972, 14.750610787445112, 4.2367579097044654, 18.335563089893185, 11.645890240873996, 41.441860465116406, 41.820884699056478]
[2.6264283621439972, 14.750610787445112, 4.2367579097044654, 4.664436910106815, 20.645890240873996, 5.441860465116406, 6.820884699056478]
[17.626428362143997, 2.7506107874451118, 6.7632420902955346, 7.335563089893185, 11.645890240873996, 13.441860465116406, 6.820884699056478]
[2.6264283621439972, 2.7506107874451118, 14.236757909704465, 7.335563089893185, 11.645890240873996, 8.558139534883594, 20.820884699056478]
[2.6264283621439972, 14.750610787445112, 4.2367579097044654, 18.335563089893185, 2.6458902408739959, 27.441860465116406, 0.17911530094352202]
[2.6264283621439972, 2.7506107874451118, 4.2367579097044654, 7.335563089893185, 2.6458902408739959, 5.441860465116406, 13.820884699056478]
[4.3735716378560028, 2.7506107874451118, 6.7632420902955346, 4.664436910106815, 6.3541097591260041, 1.558139534883594, 15.179115300943522]
[4.3735716378560028, 2.7506107874451118, 6.7632420902955346, 7.335563089893185, 20.645890240873996, 1.558139534883594, 8.179115300943522]
[2.6264283621439972, 2.7506107874451118, 4.2367579097044654, 7.335563089893185, 2.6458902408739959, 9.441860465116406, 0.17911530094352202]
[2.6264283621439972, 2.7506107874451118, 4.2367579097044654, 7.335563089893185, 11.645890240873996, 5.441860465116406, 0.17911530094352202]
[2.6264283621439972, 2.7506107874451118, 4.2367579097044654, 4.664436910106815, 2.6458902408739959, 4.558139534883594, 0.17911530094352202]
[4.3735716378560028, 2.7506107874451118, 14.236757909704465, 7.335563089893185, 2.6458902408739959, 13.441860465116406, 20.820884699056478]
[4.3735716378560028, 14.750610787445112, 4.2367579097044654, 4.664436910106815, 6.3541097591260041, 2.441860465116406, 8.179115300943522]
[9.6264283621439972, 2.7506107874451118, 4.2367579097044654, 7.335563089893185, 2.6458902408739959, 4.558139534883594, 13.820884699056478]
[11.373571637856003, 9.2493892125548882, 16.763242090295535, 4.664436910106815, 2.6458902408739959, 16.441860465116406, 8.179115300943522]
[11.373571637856003, 25.750610787445112, 6.7632420902955346, 4.664436910106815, 2.6458902408739959, 9.441860465116406, 8.179115300943522]
[4.3735716378560028, 9.2493892125548882, 4.2367579097044654, 29.335563089893185, 11.645890240873996, 5.441860465116406, 15.179115300943522]
[11.373571637856003, 9.2493892125548882, 6.7632420902955346, 7.335563089893185, 6.3541097591260041, 20.441860465116406, 22.179115300943522]
[11.373571637856003, 9.2493892125548882, 16.763242090295535, 4.664436910106815, 6.3541097591260041, 2.441860465116406, 13.820884699056478]
[4.3735716378560028, 2.7506107874451118, 14.236757909704465, 7.335563089893185, 24.354109759126004, 8.558139534883594, 13.820884699056478]
[2.6264283621439972, 9.2493892125548882, 6.7632420902955346, 4.664436910106815, 15.354109759126004, 4.558139534883594, 29.179115300943522]
[2.6264283621439972, 2.7506107874451118, 4.2367579097044654, 4.664436910106815, 6.3541097591260041, 1.558139534883594, 8.179115300943522]
[11.373571637856003, 9.2493892125548882, 6.7632420902955346, 4.664436910106815, 6.3541097591260041, 1.558139534883594, 8.179115300943522]
[18.373571637856003, 21.249389212554888, 6.7632420902955346, 4.664436910106815, 2.6458902408739959, 4.558139534883594, 0.17911530094352202]
[4.3735716378560028, 21.249389212554888, 16.763242090295535, 15.664436910106815, 6.3541097591260041, 19.558139534883594, 0.17911530094352202]
[4.3735716378560028, 9.2493892125548882, 6.7632420902955346, 4.664436910106815, 15.354109759126004, 8.558139534883594, 6.820884699056478]
[26.373571637856003, 9.2493892125548882, 4.2367579097044654, 18.335563089893185, 24.354109759126004, 1.558139534883594, 15.179115300943522]
[11.373571637856003, 2.7506107874451118, 6.7632420902955346, 4.664436910106815, 6.3541097591260041, 2.441860465116406, 0.17911530094352202]
[11.373571637856003, 14.750610787445112, 6.7632420902955346, 15.664436910106815, 2.6458902408739959, 8.558139534883594, 22.179115300943522]
[26.373571637856003, 9.2493892125548882, 4.2367579097044654, 7.335563089893185, 15.354109759126004, 4.558139534883594, 0.17911530094352202]
[2.6264283621439972, 9.2493892125548882, 16.763242090295535, 4.664436910106815, 2.6458902408739959, 5.441860465116406, 6.820884699056478]
[11.373571637856003, 21.249389212554888, 4.2367579097044654, 15.664436910106815, 6.3541097591260041, 11.558139534883594, 20.820884699056478]
[33.373571637856003, 9.2493892125548882, 4.2367579097044654, 7.335563089893185, 2.6458902408739959, 8.558139534883594, 15.179115300943522]
[18.373571637856003, 21.249389212554888, 4.2367579097044654, 18.335563089893185, 15.354109759126004, 5.441860465116406, 8.179115300943522]
[26.373571637856003, 21.249389212554888, 6.7632420902955346, 26.664436910106815, 15.354109759126004, 4.558139534883594, 0.17911530094352202]
[18.373571637856003, 2.7506107874451118, 4.2367579097044654, 4.664436910106815, 2.6458902408739959, 4.558139534883594, 8.179115300943522]
[4.3735716378560028, 9.2493892125548882, 6.7632420902955346, 4.664436910106815, 6.3541097591260041, 9.441860465116406, 6.820884699056478]
[2.6264283621439972, 9.2493892125548882, 16.763242090295535, 4.664436910106815, 6.3541097591260041, 11.558139534883594, 8.179115300943522]
[26.373571637856003, 9.2493892125548882, 16.763242090295535, 7.335563089893185, 2.6458902408739959, 1.558139534883594, 13.820884699056478]
[26.373571637856003, 9.2493892125548882, 4.2367579097044654, 4.664436910106815, 15.354109759126004, 22.558139534883594, 0.17911530094352202]
[18.373571637856003, 9.2493892125548882, 6.7632420902955346, 7.335563089893185, 15.354109759126004, 1.558139534883594, 15.179115300943522]
[11.373571637856003, 25.750610787445112, 4.2367579097044654, 7.335563089893185, 2.6458902408739959, 9.441860465116406, 6.820884699056478]
[11.373571637856003, 2.7506107874451118, 6.7632420902955346, 7.335563089893185, 6.3541097591260041, 9.441860465116406, 0.17911530094352202]
[11.373571637856003, 2.7506107874451118, 4.2367579097044654, 7.335563089893185, 2.6458902408739959, 13.441860465116406, 8.179115300943522]
[2.6264283621439972, 14.750610787445112, 27.763242090295535, 4.664436910106815, 2.6458902408739959, 4.558139534883594, 0.17911530094352202]
