[14.773398298305437, 0.98308885359256237, 6.7864146276842803, 6.3833970507912454, 12.673469387755176, 0.52941176470631035, 5.5138978668392156]
[22.773398298305437, 0.98308885359256237, 4.2135853723157197, 4.6166029492087546, 5.3265306122448237, 3.4705882352936896, 5.5138978668392156]
[13.226601701694563, 0.98308885359256237, 6.7864146276842803, 17.383397050791245, 5.3265306122448237, 3.5294117647063104, 5.5138978668392156]
[7.7733982983054375, 12.983088853592562, 6.7864146276842803, 6.3833970507912454, 14.326530612244824, 6.4705882352936896, 19.513897866839216]
[7.7733982983054375, 0.98308885359256237, 6.7864146276842803, 4.6166029492087546, 14.326530612244824, 0.52941176470631035, 15.486102133160784]
[0.77339829830543749, 0.98308885359256237, 4.2135853723157197, 6.3833970507912454, 14.326530612244824, 6.4705882352936896, 1.4861021331607844]
[0.77339829830543749, 0.98308885359256237, 4.2135853723157197, 6.3833970507912454, 12.673469387755176, 0.52941176470631035, 19.513897866839216]
[6.2266017016945625, 12.983088853592562, 6.7864146276842803, 17.383397050791245, 3.6734693877551763, 13.47058823529369, 12.513897866839216]
[14.773398298305437, 0.98308885359256237, 6.7864146276842803, 6.3833970507912454, 12.673469387755176, 7.5294117647063104, 5.5138978668392156]
[36.773398298305437, 0.98308885359256237, 4.2135853723157197, 4.6166029492087546, 14.326530612244824, 10.52941176470631, 40.513897866839216]
[0.77339829830543749, 0.98308885359256237, 37.78641462768428, 4.6166029492087546, 3.6734693877551763, 3.4705882352936896, 8.4861021331607844]
[7.7733982983054375, 12.983088853592562, 6.7864146276842803, 4.6166029492087546, 12.673469387755176, 10.52941176470631, 19.513897866839216]
[6.2266017016945625, 0.98308885359256237, 4.2135853723157197, 6.3833970507912454, 3.6734693877551763, 3.5294117647063104, 15.486102133160784]
[7.7733982983054375, 10.016911146407438, 4.2135853723157197, 4.6166029492087546, 5.3265306122448237, 0.52941176470631035, 8.4861021331607844]
[14.773398298305437, 0.98308885359256237, 4.2135853723157197, 6.3833970507912454, 5.3265306122448237, 3.5294117647063104, 5.5138978668392156]
[7.7733982983054375, 10.016911146407438, 14.21358537231572, 4.6166029492087546, 3.6734693877551763, 3.5294117647063104, 19.513897866839216]
[7.7733982983054375, 0.98308885359256237, 16.78641462768428, 6.3833970507912454, 5.3265306122448237, 10.47058823529369, 12.513897866839216]
[14.773398298305437, 0.98308885359256237, 6.7864146276842803, 4.6166029492087546, 3.6734693877551763, 0.52941176470631035, 19.513897866839216]
[0.77339829830543749, 12.983088853592562, 16.78641462768428, 6.3833970507912454, 12.673469387755176, 13.47058823529369, 33.513897866839216]
[0.77339829830543749, 12.983088853592562, 6.7864146276842803, 4.6166029492087546, 5.3265306122448237, 3.5294117647063104, 12.513897866839216]
[29.773398298305437, 12.983088853592562, 6.7864146276842803, 17.383397050791245, 12.673469387755176, 10.52941176470631, 19.513897866839216]
[22.773398298305437, 12.983088853592562, 4.2135853723157197, 6.3833970507912454, 5.3265306122448237, 17.52941176470631, 19.513897866839216]
[50.773398298305437, 0.98308885359256237, 6.7864146276842803, 6.3833970507912454, 12.673469387755176, 21.52941176470631, 12.513897866839216]
[22.773398298305437, 0.98308885359256237, 37.78641462768428, 4.6166029492087546, 3.6734693877551763, 6.4705882352936896, 12.513897866839216]
[0.77339829830543749, 0.98308885359256237, 16.78641462768428, 6.3833970507912454, 12.673469387755176, 10.52941176470631, 19.513897866839216]
[14.773398298305437, 12.983088853592562, 16.78641462768428, 4.6166029492087546, 12.673469387755176, 17.52941176470631, 19.513897866839216]
[14.773398298305437, 12.983088853592562, 16.78641462768428, 16.616602949208755, 21.673469387755176, 21.52941176470631, 26.513897866839216]
[22.773398298305437, 24.983088853592562, 27.78641462768428, 6.3833970507912454, 30.673469387755176, 7.5294117647063104, 19.513897866839216]
[14.773398298305437, 24.983088853592562, 16.78641462768428, 6.3833970507912454, 21.673469387755176, 7.5294117647063104, 12.513897866839216]
[14.773398298305437, 12.983088853592562, 6.7864146276842803, 6.3833970507912454, 12.673469387755176, 10.52941176470631, 19.513897866839216]
[22.773398298305437, 12.983088853592562, 16.78641462768428, 28.383397050791245, 21.673469387755176, 3.5294117647063104, 26.513897866839216]
[14.773398298305437, 24.983088853592562, 27.78641462768428, 17.383397050791245, 21.673469387755176, 21.52941176470631, 19.513897866839216]
[36.773398298305437, 35.983088853592562, 37.78641462768428, 17.383397050791245, 39.673469387755176, 17.52941176470631, 33.513897866839216]
[71.773398298305437, 47.983088853592562, 37.78641462768428, 17.383397050791245, 57.673469387755176, 62.52941176470631, 53.513897866839216]
[146.77339829830544, 82.983088853592562, 47.78641462768428, 17.383397050791245, 101.67346938775518, 93.52941176470631, 74.513897866839216]
[254.77339829830544, 150.98308885359256, 58.78641462768428, 28.383397050791245, 146.67346938775518, 153.52941176470631, 87.513897866839216]
[359.77339829830544, 195.98308885359256, 119.78641462768428, 39.383397050791245, 189.67346938775518, 228.52941176470631, 127.51389786683922]
[480.77339829830544, 285.98308885359256, 99.78641462768428, 39.383397050791245, 241.67346938775518, 369.52941176470631, 207.51389786683922]
[585.77339829830544, 426.98308885359256, 140.78641462768428, 50.383397050791245, 233.67346938775518, 594.52941176470631, 278.51389786683922]
[561.77339829830544, 647.98308885359256, 180.78641462768428, 61.383397050791245, 233.67346938775518, 837.52941176470631, 399.51389786683922]
[430.77339829830544, 1033.9830888535926, 260.78641462768428, 83.383397050791245, 233.67346938775518, 973.52941176470631, 503.51389786683922]
[313.77339829830544, 1173.9830888535926, 406.78641462768428, 115.38339705079125, 241.67346938775518, 1162.5294117647063, 575.51389786683922]
[221.77339829830544, 799.98308885359256, 713.78641462768428, 158.38339705079125, 233.67346938775518, 1242.5294117647063, 623.51389786683922]
[167.77339829830544, 480.98308885359256, 1230.7864146276843, 233.38339705079125, 241.67346938775518, 1122.5294117647063, 646.51389786683922]
[140.77339829830544, 307.98308885359256, 1150.7864146276843, 379.38339705079125, 215.67346938775518, 1004.5294117647063, 635.51389786683922]
[119.77339829830544, 207.98308885359256, 668.78641462768428, 541.38339705079125, 198.67346938775518, 778.52941176470631, 599.51389786683922]
[84.773398298305437, 150.98308885359256, 397.78641462768428, 541.38339705079125, 163.67346938775518, 512.52941176470631, 485.51389786683922]
[71.773398298305437, 116.98308885359256, 250.78641462768428, 348.38339705079125, 128.67346938775518, 295.52941176470631, 336.51389786683922]
[77.773398298305437, 93.983088853592562, 160.78641462768428, 223.38339705079125, 93.673469387755176, 202.52941176470631, 233.51389786683922]
[64.773398298305437, 82.983088853592562, 150.78641462768428, 148.38339705079125, 75.673469387755176, 150.52941176470631, 174.51389786683922]
[57.773398298305437, 70.983088853592562, 89.78641462768428, 104.38339705079125, 101.67346938775518, 106.52941176470631, 114.51389786683922]
[22.773398298305437, 35.983088853592562, 68.78641462768428, 72.383397050791245, 48.673469387755176, 76.52941176470631, 107.51389786683922]
[29.773398298305437, 35.983088853592562, 47.78641462768428, 50.383397050791245, 21.673469387755176, 48.52941176470631, 87.513897866839216]
[22.773398298305437, 24.983088853592562, 47.78641462768428, 39.383397050791245, 12.673469387755176, 21.52941176470631, 74.513897866839216]
[36.773398298305437, 24.983088853592562, 16.78641462768428, 28.383397050791245, 30.673469387755176, 31.52941176470631, 26.513897866839216]
[22.773398298305437, 24.983088853592562, 6.7864146276842803, 6.3833970507912454, 12.673469387755176, 17.52941176470631, 33.513897866839216]
[0.77339829830543749, 12.983088853592562, 6.7864146276842803, 17.383397050791245, 21.673469387755176, 10.52941176470631, 5.5138978668392156]
[22.773398298305437, 12.983088853592562, 16.78641462768428, 6.3833970507912454, 12.673469387755176, 3.5294117647063104, 5.5138978668392156]
[14.773398298305437, 0.98308885359256237, 16.78641462768428, 17.383397050791245, 3.6734693877551763, 7.5294117647063104, 26.513897866839216]
[7.7733982983054375, 12.983088853592562, 16.78641462768428, 17.383397050791245, 5.3265306122448237, 6.4705882352936896, 8.4861021331607844]
[7.7733982983054375, 0.98308885359256237, 16.78641462768428, 17.383397050791245, 14.326530612244824, 3.4705882352936896, 26.513897866839216]
[7.7733982983054375, 0.98308885359256237, 6.7864146276842803, 16.616602949208755, 14.326530612244824, 3.5294117647063104, 5.5138978668392156]
[22.773398298305437, 12.983088853592562, 27.78641462768428, 4.6166029492087546, 5.3265306122448237, 3.4705882352936896, 5.5138978668392156]
[7.7733982983054375, 0.98308885359256237, 6.7864146276842803, 6.3833970507912454, 30.673469387755176, 14.52941176470631, 1.4861021331607844]
[14.773398298305437, 0.98308885359256237, 6.7864146276842803, 6.3833970507912454, 5.3265306122448237, 0.52941176470631035, 12.513897866839216]
[6.2266017016945625, 10.016911146407438, 4.2135853723157197, 4.6166029492087546, 3.6734693877551763, 0.52941176470631035, 15.486102133160784]
[0.77339829830543749, 0.98308885359256237, 6.7864146276842803, 6.3833970507912454, 12.673469387755176, 6.4705882352936896, 8.4861021331607844]
[27.226601701694563, 12.983088853592562, 6.7864146276842803, 4.6166029492087546, 3.6734693877551763, 0.52941176470631035, 15.486102133160784]
[20.226601701694563, 10.016911146407438, 4.2135853723157197, 6.3833970507912454, 5.3265306122448237, 7.5294117647063104, 5.5138978668392156]
[0.77339829830543749, 0.98308885359256237, 4.2135853723157197, 4.6166029492087546, 5.3265306122448237, 10.52941176470631, 15.486102133160784]
[6.2266017016945625, 0.98308885359256237, 14.21358537231572, 4.6166029492087546, 5.3265306122448237, 6.4705882352936896, 1.4861021331607844]
[0.77339829830543749, 10.016911146407438, 4.2135853723157197, 16.616602949208755, 3.6734693877551763, 10.47058823529369, 28.486102133160784]
[0.77339829830543749, 10.016911146407438, 14.21358537231572, 4.6166029492087546, 5.3265306122448237, 17.47058823529369, 8.4861021331607844]
[27.226601701694563, 34.016911146407438, 4.2135853723157197, 4.6166029492087546, 5.3265306122448237, 27.47058823529369, 8.4861021331607844]
[20.226601701694563, 34.016911146407438, 25.21358537231572, 16.616602949208755, 14.326530612244824, 24.47058823529369, 22.486102133160784]
[27.226601701694563, 10.016911146407438, 16.78641462768428, 16.616602949208755, 5.3265306122448237, 3.4705882352936896, 15.486102133160784]
[20.226601701694563, 22.016911146407438, 4.2135853723157197, 4.6166029492087546, 3.6734693877551763, 17.47058823529369, 35.486102133160784]
[6.2266017016945625, 10.016911146407438, 14.21358537231572, 4.6166029492087546, 12.673469387755176, 7.5294117647063104, 35.486102133160784]
[20.226601701694563, 22.016911146407438, 4.2135853723157197, 16.616602949208755, 5.3265306122448237, 10.47058823529369, 35.486102133160784]
[13.226601701694563, 22.016911146407438, 4.2135853723157197, 4.6166029492087546, 3.6734693877551763, 6.4705882352936896, 22.486102133160784]
