[0.22890370160348539, 10.976897689768521, 10.514752963572391, 11.736042876284046, 12.445803492395498, 10.216696269982094, 19.382183504285422]
[19.771096298396515, 10.976897689768521, 10.514752963572391, 1.7360428762840456, 12.445803492395498, 13.216696269982094, 19.382183504285422]
[14.228903701603485, 12.023102310231479, 9.4852470364276087, 11.736042876284046, 4.5541965076045017, 0.21669626998209424, 0.6178164957145782]
[12.771096298396515, 12.023102310231479, 0.51475296357239131, 1.7360428762840456, 4.5541965076045017, 4.2166962699820942, 12.382183504285422]
[5.7710962983965146, 12.023102310231479, 19.485247036427609, 1.7360428762840456, 12.445803492395498, 13.216696269982094, 25.382183504285422]
[12.771096298396515, 12.023102310231479, 0.51475296357239131, 11.736042876284046, 38.445803492395498, 13.216696269982094, 0.6178164957145782]
[19.771096298396515, 12.023102310231479, 10.514752963572391, 1.7360428762840456, 12.445803492395498, 7.2166962699820942, 13.617816495714578]
[25.771096298396515, 0.02310231023147935, 0.51475296357239131, 1.7360428762840456, 4.4458034923954983, 7.2166962699820942, 0.6178164957145782]
[5.7710962983965146, 0.02310231023147935, 9.4852470364276087, 1.7360428762840456, 12.445803492395498, 13.216696269982094, 25.382183504285422]
[0.22890370160348539, 12.023102310231479, 9.4852470364276087, 11.736042876284046, 4.4458034923954983, 13.216696269982094, 0.6178164957145782]
[12.771096298396515, 0.02310231023147935, 9.4852470364276087, 1.7360428762840456, 4.4458034923954983, 10.216696269982094, 12.382183504285422]
[19.771096298396515, 12.023102310231479, 29.485247036427609, 11.736042876284046, 4.4458034923954983, 13.216696269982094, 32.382183504285422]
[5.7710962983965146, 12.023102310231479, 9.4852470364276087, 11.736042876284046, 12.445803492395498, 10.216696269982094, 0.6178164957145782]
[5.7710962983965146, 0.02310231023147935, 9.4852470364276087, 1.7360428762840456, 21.445803492395498, 23.216696269982094, 6.3821835042854218]
[12.771096298396515, 12.023102310231479, 0.51475296357239131, 1.7360428762840456, 4.4458034923954983, 2.7833037300179058, 32.382183504285422]
[25.771096298396515, 0.02310231023147935, 9.4852470364276087, 22.736042876284046, 21.445803492395498, 4.2166962699820942, 7.6178164957145782]
[5.7710962983965146, 0.02310231023147935, 9.4852470364276087, 22.736042876284046, 12.445803492395498, 13.216696269982094, 32.382183504285422]
[12.771096298396515, 12.023102310231479, 29.485247036427609, 22.736042876284046, 4.4458034923954983, 13.216696269982094, 19.382183504285422]
[5.7710962983965146, 12.023102310231479, 9.4852470364276087, 1.7360428762840456, 21.445803492395498, 13.216696269982094, 12.382183504285422]
[19.771096298396515, 23.023102310231479, 9.4852470364276087, 1.7360428762840456, 4.4458034923954983, 17.216696269982094, 19.382183504285422]
[5.7710962983965146, 0.02310231023147935, 0.51475296357239131, 1.7360428762840456, 4.5541965076045017, 17.216696269982094, 32.382183504285422]
[5.7710962983965146, 12.023102310231479, 0.51475296357239131, 11.736042876284046, 12.445803492395498, 10.216696269982094, 7.6178164957145782]
[12.771096298396515, 0.02310231023147935, 0.51475296357239131, 1.7360428762840456, 12.445803492395498, 13.216696269982094, 0.6178164957145782]
[19.771096298396515, 12.023102310231479, 19.485247036427609, 22.736042876284046, 12.445803492395498, 13.216696269982094, 32.382183504285422]
[12.771096298396515, 12.023102310231479, 19.485247036427609, 11.736042876284046, 12.445803492395498, 10.216696269982094, 25.382183504285422]
[5.7710962983965146, 12.023102310231479, 9.4852470364276087, 1.7360428762840456, 4.4458034923954983, 13.216696269982094, 19.382183504285422]
[25.771096298396515, 23.023102310231479, 9.4852470364276087, 1.7360428762840456, 21.445803492395498, 23.216696269982094, 19.382183504285422]
[32.771096298396515, 34.023102310231479, 9.4852470364276087, 11.736042876284046, 21.445803492395498, 33.216696269982094, 25.382183504285422]
[32.771096298396515, 34.023102310231479, 29.485247036427609, 33.736042876284046, 47.445803492395498, 46.216696269982094, 38.382183504285422]
[59.771096298396515, 45.023102310231479, 39.485247036427609, 43.736042876284046, 64.445803492395498, 55.216696269982094, 71.382183504285422]
[65.771096298396515, 68.023102310231479, 69.485247036427609, 43.736042876284046, 98.445803492395498, 84.216696269982094, 71.382183504285422]
[92.771096298396515, 101.02310231023148, 98.485247036427609, 64.736042876284046, 174.4458034923955, 121.21669626998209, 103.38218350428542]
[144.77109629839651, 177.02310231023148, 157.48524703642761, 75.736042876284046, 264.4458034923955, 198.21669626998209, 123.38218350428542]
[189.77109629839651, 306.02310231023148, 244.48524703642761, 85.736042876284046, 487.4458034923955, 273.21669626998209, 129.38218350428542]
[240.77109629839651, 514.02310231023148, 366.48524703642761, 127.73604287628405, 887.4458034923955, 343.21669626998209, 161.38218350428542]
[240.77109629839651, 534.02310231023148, 574.48524703642761, 169.73604287628405, 1185.4458034923955, 402.21669626998209, 174.38218350428542]
[202.77109629839651, 442.02310231023148, 866.48524703642761, 210.73604287628405, 1198.4458034923955, 517.21669626998209, 218.38218350428542]
[196.77109629839651, 380.02310231023148, 1093.4852470364276, 281.73604287628405, 808.4458034923955, 764.21669626998209, 261.38218350428542]
[163.77109629839651, 411.02310231023148, 1132.4852470364276, 281.73604287628405, 464.4458034923955, 1215.2166962699821, 389.38218350428542]
[183.77109629839651, 524.02310231023148, 957.48524703642761, 240.73604287628405, 353.4458034923955, 1109.2166962699821, 552.38218350428542]
[247.77109629839651, 799.02310231023148, 619.48524703642761, 148.73604287628405, 313.4458034923955, 961.21669626998209, 546.38218350428542]
[315.77109629839651, 1005.0231023102315, 421.48524703642761, 127.73604287628405, 353.4458034923955, 1009.2166962699821, 412.38218350428542]
[468.77109629839651, 1005.0231023102315, 338.48524703642761, 127.73604287628405, 495.4458034923955, 1042.2166962699821, 298.38218350428542]
[438.77109629839651, 1105.0231023102315, 347.48524703642761, 96.736042876284046, 729.4458034923955, 805.21669626998209, 242.38218350428542]
[365.77109629839651, 1123.0231023102315, 356.48524703642761, 127.73604287628405, 949.4458034923955, 557.21669626998209, 199.38218350428542]
[265.77109629839651, 819.02310231023148, 421.48524703642761, 138.73604287628405, 998.4458034923955, 455.21669626998209, 199.38218350428542]
[183.77109629839651, 564.02310231023148, 503.48524703642761, 158.73604287628405, 879.4458034923955, 458.21669626998209, 186.38218350428542]
[170.77109629839651, 411.02310231023148, 512.48524703642761, 158.73604287628405, 677.4458034923955, 430.21669626998209, 186.38218350428542]
[131.77109629839651, 274.02310231023148, 375.48524703642761, 148.73604287628405, 393.4458034923955, 357.21669626998209, 167.38218350428542]
[98.771096298396515, 188.02310231023148, 234.48524703642761, 117.73604287628405, 232.4458034923955, 255.21669626998209, 155.38218350428542]
[92.771096298396515, 134.02310231023148, 167.48524703642761, 117.73604287628405, 149.4458034923955, 189.21669626998209, 155.38218350428542]
[59.771096298396515, 90.023102310231479, 108.48524703642761, 75.736042876284046, 106.4458034923955, 121.21669626998209, 97.382183504285422]
[52.771096298396515, 45.023102310231479, 79.485247036427609, 75.736042876284046, 55.445803492395498, 74.216696269982094, 84.382183504285422]
[32.771096298396515, 34.023102310231479, 29.485247036427609, 43.736042876284046, 38.445803492395498, 49.216696269982094, 65.382183504285422]
[32.771096298396515, 23.023102310231479, 29.485247036427609, 33.736042876284046, 38.445803492395498, 23.216696269982094, 58.382183504285422]
[39.771096298396515, 12.023102310231479, 19.485247036427609, 22.736042876284046, 12.445803492395498, 26.216696269982094, 12.382183504285422]
[0.22890370160348539, 12.023102310231479, 39.485247036427609, 11.736042876284046, 21.445803492395498, 17.216696269982094, 12.382183504285422]
[5.7710962983965146, 0.02310231023147935, 0.51475296357239131, 1.7360428762840456, 38.445803492395498, 17.216696269982094, 19.382183504285422]
[7.2289037016034854, 0.02310231023147935, 0.51475296357239131, 11.736042876284046, 12.445803492395498, 5.7833037300179058, 19.382183504285422]
[5.7710962983965146, 10.976897689768521, 10.514752963572391, 11.736042876284046, 4.5541965076045017, 7.2166962699820942, 6.3821835042854218]
[0.22890370160348539, 0.02310231023147935, 9.4852470364276087, 11.736042876284046, 4.4458034923954983, 12.783303730017906, 0.6178164957145782]
[7.2289037016034854, 10.976897689768521, 10.514752963572391, 1.7360428762840456, 4.4458034923954983, 2.7833037300179058, 6.3821835042854218]
[0.22890370160348539, 0.02310231023147935, 10.514752963572391, 1.7360428762840456, 4.5541965076045017, 7.2166962699820942, 12.382183504285422]
[0.22890370160348539, 10.976897689768521, 20.514752963572391, 9.2639571237159544, 4.5541965076045017, 5.7833037300179058, 13.617816495714578]
[7.2289037016034854, 0.02310231023147935, 10.514752963572391, 9.2639571237159544, 13.554196507604502, 5.7833037300179058, 20.617816495714578]
[0.22890370160348539, 10.976897689768521, 0.51475296357239131, 11.736042876284046, 12.445803492395498, 5.7833037300179058, 6.3821835042854218]
[7.2289037016034854, 0.02310231023147935, 9.4852470364276087, 1.7360428762840456, 13.554196507604502, 5.7833037300179058, 0.6178164957145782]
