[6.9862915893190802, 1.285714285713766, 1.6696265343434789, 1.440949128167631, 5.9740932642489497, 2.4196250498607696, 22.123008285531796]
[0.98629158931908023, 1.285714285713766, 1.6696265343434789, 1.440949128167631, 2.0259067357510503, 7.5803749501392304, 10.876991714468204]
[6.0137084106809198, 1.285714285713766, 8.3303734656565211, 1.440949128167631, 5.9740932642489497, 6.4196250498607696, 2.123008285531796]
[6.9862915893190802, 9.714285714286234, 8.3303734656565211, 1.440949128167631, 2.0259067357510503, 7.5803749501392304, 15.123008285531796]
[6.0137084106809198, 1.285714285713766, 12.669626534343479, 12.440949128167631, 5.9740932642489497, 2.4196250498607696, 9.123008285531796]
[0.98629158931908023, 1.285714285713766, 8.3303734656565211, 1.440949128167631, 2.0259067357510503, 0.58037495013923035, 9.123008285531796]
[6.9862915893190802, 13.285714285713766, 1.6696265343434789, 1.440949128167631, 5.9740932642489497, 7.5803749501392304, 9.123008285531796]
[13.98629158931908, 21.714285714286234, 1.6696265343434789, 9.559050871832369, 5.9740932642489497, 3.5803749501392304, 15.123008285531796]
[0.98629158931908023, 1.285714285713766, 8.3303734656565211, 9.559050871832369, 11.02590673575105, 12.41962504986077, 15.123008285531796]
[6.0137084106809198, 1.285714285713766, 8.3303734656565211, 1.440949128167631, 14.97409326424895, 3.5803749501392304, 9.123008285531796]
[0.98629158931908023, 9.714285714286234, 8.3303734656565211, 23.440949128167631, 2.0259067357510503, 2.4196250498607696, 4.876991714468204]
[0.98629158931908023, 1.285714285713766, 12.669626534343479, 1.440949128167631, 2.0259067357510503, 2.4196250498607696, 15.123008285531796]
[27.01370841068092, 1.285714285713766, 12.669626534343479, 9.559050871832369, 5.9740932642489497, 16.41962504986077, 15.123008285531796]
[6.0137084106809198, 1.285714285713766, 8.3303734656565211, 20.559050871832369, 14.97409326424895, 6.4196250498607696, 9.123008285531796]
[0.98629158931908023, 1.285714285713766, 8.3303734656565211, 20.559050871832369, 2.0259067357510503, 7.5803749501392304, 15.123008285531796]
[6.0137084106809198, 1.285714285713766, 8.3303734656565211, 9.559050871832369, 2.0259067357510503, 9.4196250498607696, 9.123008285531796]
[13.01370841068092, 9.714285714286234, 18.330373465656521, 9.559050871832369, 2.0259067357510503, 3.5803749501392304, 9.123008285531796]
[6.9862915893190802, 9.714285714286234, 8.3303734656565211, 1.440949128167631, 2.0259067357510503, 16.41962504986077, 15.123008285531796]
[6.0137084106809198, 9.714285714286234, 1.6696265343434789, 1.440949128167631, 2.0259067357510503, 6.4196250498607696, 9.123008285531796]
[20.01370841068092, 1.285714285713766, 1.6696265343434789, 1.440949128167631, 5.9740932642489497, 6.4196250498607696, 29.123008285531796]
[13.01370841068092, 21.714285714286234, 1.6696265343434789, 9.559050871832369, 5.9740932642489497, 6.4196250498607696, 9.123008285531796]
[6.9862915893190802, 1.285714285713766, 8.3303734656565211, 41.559050871832369, 5.9740932642489497, 3.5803749501392304, 15.123008285531796]
[6.9862915893190802, 1.285714285713766, 8.3303734656565211, 20.559050871832369, 5.9740932642489497, 12.41962504986077, 22.123008285531796]
[13.01370841068092, 9.714285714286234, 18.330373465656521, 9.559050871832369, 14.97409326424895, 16.41962504986077, 2.123008285531796]
[20.01370841068092, 32.714285714286234, 28.330373465656521, 20.559050871832369, 14.97409326424895, 19.41962504986077, 29.123008285531796]
[33.01370841068092, 32.714285714286234, 18.330373465656521, 30.559050871832369, 40.97409326424895, 42.41962504986077, 29.123008285531796]
[54.01370841068092, 43.714285714286234, 28.330373465656521, 30.559050871832369, 58.97409326424895, 52.41962504986077, 42.123008285531796]
[74.01370841068092, 66.714285714286234, 58.330373465656521, 30.559050871832369, 118.97409326424895, 75.41962504986077, 49.123008285531796]
[120.01370841068092, 110.71428571428623, 78.330373465656521, 52.559050871832369, 160.97409326424895, 110.41962504986077, 75.123008285531796]
[134.01370841068092, 166.71428571428623, 118.33037346565652, 73.559050871832369, 261.97409326424895, 151.41962504986077, 108.1230082855318]
[206.01370841068092, 264.71428571428623, 187.33037346565652, 95.559050871832369, 399.97409326424895, 204.41962504986077, 108.1230082855318]
[212.01370841068092, 381.71428571428623, 283.33037346565652, 95.559050871832369, 633.97409326424895, 277.41962504986077, 115.1230082855318]
[225.01370841068092, 475.71428571428623, 443.33037346565652, 147.55905087183237, 969.97409326424895, 340.41962504986077, 166.1230082855318]
[199.01370841068092, 486.71428571428623, 669.33037346565652, 179.55905087183237, 1193.9740932642489, 392.41962504986077, 179.1230082855318]
[199.01370841068092, 434.71428571428623, 934.33037346565652, 262.55905087183237, 1297.9740932642489, 488.41962504986077, 198.1230082855318]
[180.01370841068092, 402.71428571428623, 1183.3303734656565, 251.55905087183237, 933.97409326424895, 723.41962504986077, 274.1230082855318]
[180.01370841068092, 434.71428571428623, 1176.3303734656565, 282.55905087183237, 526.97409326424895, 1215.4196250498608, 355.1230082855318]
[186.01370841068092, 537.71428571428623, 975.33037346565652, 220.55905087183237, 367.97409326424895, 1134.4196250498608, 528.1230082855318]
[231.01370841068092, 776.71428571428623, 669.33037346565652, 168.55905087183237, 318.97409326424895, 974.41962504986077, 563.1230082855318]
[314.01370841068092, 1023.7142857142862, 443.33037346565652, 116.55905087183237, 318.97409326424895, 992.41962504986077, 469.1230082855318]
[432.01370841068092, 1096.7142857142862, 359.33037346565652, 116.55905087183237, 391.97409326424895, 1206.4196250498608, 355.1230082855318]
[456.01370841068092, 1203.7142857142862, 322.33037346565652, 105.55905087183237, 549.97409326424895, 1127.4196250498608, 274.1230082855318]
[401.01370841068092, 1291.7142857142862, 331.33037346565652, 116.55905087183237, 709.97409326424895, 815.41962504986077, 230.1230082855318]
[314.01370841068092, 1132.7142857142862, 397.33037346565652, 126.55905087183237, 884.97409326424895, 581.41962504986077, 205.1230082855318]
[225.01370841068092, 658.71428571428623, 471.33037346565652, 147.55905087183237, 941.97409326424895, 455.41962504986077, 211.1230082855318]
[218.01370841068092, 537.71428571428623, 526.33037346565652, 126.55905087183237, 912.97409326424895, 452.41962504986077, 179.1230082855318]
[186.01370841068092, 423.71428571428623, 517.33037346565652, 137.55905087183237, 694.97409326424895, 432.41962504986077, 186.1230082855318]
[173.01370841068092, 350.71428571428623, 443.33037346565652, 179.55905087183237, 510.97409326424895, 421.41962504986077, 179.1230082855318]
[166.01370841068092, 296.71428571428623, 340.33037346565652, 137.55905087183237, 351.97409326424895, 363.41962504986077, 186.1230082855318]
[147.01370841068092, 242.71428571428623, 264.33037346565652, 137.55905087183237, 277.97409326424895, 295.41962504986077, 166.1230082855318]
[114.01370841068092, 188.71428571428623, 206.33037346565652, 116.55905087183237, 194.97409326424895, 229.41962504986077, 186.1230082855318]
[94.01370841068092, 144.71428571428623, 148.33037346565652, 95.559050871832369, 135.97409326424895, 164.41962504986077, 128.1230082855318]
[87.01370841068092, 99.714285714286234, 108.33037346565652, 63.559050871832369, 92.97409326424895, 129.41962504986077, 101.1230082855318]
[74.01370841068092, 77.714285714286234, 78.330373465656521, 63.559050871832369, 66.97409326424895, 81.41962504986077, 95.123008285531796]
[60.01370841068092, 43.714285714286234, 38.330373465656521, 41.559050871832369, 58.97409326424895, 71.41962504986077, 49.123008285531796]
[47.01370841068092, 32.714285714286234, 28.330373465656521, 30.559050871832369, 32.97409326424895, 39.41962504986077, 29.123008285531796]
[27.01370841068092, 1.285714285713766, 18.330373465656521, 30.559050871832369, 32.97409326424895, 12.41962504986077, 29.123008285531796]
[6.0137084106809198, 9.714285714286234, 18.330373465656521, 30.559050871832369, 5.9740932642489497, 16.41962504986077, 42.123008285531796]
[13.01370841068092, 9.714285714286234, 18.330373465656521, 20.559050871832369, 5.9740932642489497, 2.4196250498607696, 29.123008285531796]
[0.98629158931908023, 1.285714285713766, 18.330373465656521, 9.559050871832369, 14.97409326424895, 6.4196250498607696, 22.123008285531796]
[6.0137084106809198, 1.285714285713766, 8.3303734656565211, 1.440949128167631, 11.02590673575105, 2.4196250498607696, 9.123008285531796]
[6.9862915893190802, 9.714285714286234, 8.3303734656565211, 9.559050871832369, 2.0259067357510503, 42.41962504986077, 24.876991714468204]
[0.98629158931908023, 9.714285714286234, 1.6696265343434789, 1.440949128167631, 11.02590673575105, 9.4196250498607696, 4.876991714468204]
[13.98629158931908, 13.285714285713766, 1.6696265343434789, 9.559050871832369, 14.97409326424895, 12.41962504986077, 2.123008285531796]
[6.9862915893190802, 1.285714285713766, 18.330373465656521, 20.559050871832369, 14.97409326424895, 10.58037495013923, 9.123008285531796]
