[16.966186999362435, 3.5886232481443585, 4.4745308310994005, 20.065368815859983, 7.0159074475777743, 8.4630541871920286, 31.635808962760166]
[9.966186999362435, 3.5886232481443585, 4.4745308310994005, 20.065368815859983, 7.0159074475777743, 4.5369458128079714, 11.635808962760166]
[10.033813000637565, 47.588623248144359, 14.474530831099401, 9.0653688158599834, 7.0159074475777743, 14.536945812807971, 31.635808962760166]
[9.966186999362435, 3.5886232481443585, 24.474530831099401, 41.065368815859983, 7.0159074475777743, 8.5369458128079714, 11.635808962760166]
[2.966186999362435, 3.5886232481443585, 5.5254691689005995, 11.934631184140017, 1.9840925524222257, 37.536945812807971, 7.3641910372398343]
[2.966186999362435, 8.4113767518556415, 4.4745308310994005, 9.0653688158599834, 16.015907447577774, 17.536945812807971, 1.3641910372398343]
[9.966186999362435, 8.4113767518556415, 4.4745308310994005, 9.0653688158599834, 7.0159074475777743, 4.5369458128079714, 11.635808962760166]
[16.966186999362435, 3.5886232481443585, 24.474530831099401, 0.93463118414001656, 16.015907447577774, 17.536945812807971, 11.635808962760166]
[2.966186999362435, 8.4113767518556415, 14.474530831099401, 9.0653688158599834, 7.0159074475777743, 1.5369458128079714, 11.635808962760166]
[10.033813000637565, 3.5886232481443585, 4.4745308310994005, 9.0653688158599834, 7.0159074475777743, 1.5369458128079714, 14.364191037239834]
[2.966186999362435, 3.5886232481443585, 14.474530831099401, 11.934631184140017, 1.9840925524222257, 1.5369458128079714, 5.6358089627601657]
[22.966186999362435, 14.588623248144359, 4.4745308310994005, 9.0653688158599834, 16.015907447577774, 4.5369458128079714, 5.6358089627601657]
[9.966186999362435, 3.5886232481443585, 5.5254691689005995, 0.93463118414001656, 7.0159074475777743, 4.5369458128079714, 5.6358089627601657]
[22.966186999362435, 8.4113767518556415, 14.474530831099401, 9.0653688158599834, 16.015907447577774, 20.536945812807971, 18.635808962760166]
[16.966186999362435, 8.4113767518556415, 5.5254691689005995, 20.065368815859983, 9.9840925524222257, 4.5369458128079714, 14.364191037239834]
[3.033813000637565, 25.588623248144359, 5.5254691689005995, 9.0653688158599834, 1.9840925524222257, 4.4630541871920286, 11.635808962760166]
[9.966186999362435, 14.588623248144359, 4.4745308310994005, 41.065368815859983, 9.9840925524222257, 8.5369458128079714, 11.635808962760166]
[9.966186999362435, 14.588623248144359, 4.4745308310994005, 9.0653688158599834, 7.0159074475777743, 11.536945812807971, 14.364191037239834]
[16.966186999362435, 14.588623248144359, 5.5254691689005995, 9.0653688158599834, 7.0159074475777743, 11.536945812807971, 1.3641910372398343]
[3.033813000637565, 14.588623248144359, 4.4745308310994005, 9.0653688158599834, 1.9840925524222257, 11.536945812807971, 5.6358089627601657]
[16.966186999362435, 3.5886232481443585, 4.4745308310994005, 20.065368815859983, 16.015907447577774, 17.536945812807971, 5.6358089627601657]
[16.966186999362435, 3.5886232481443585, 4.4745308310994005, 9.0653688158599834, 16.015907447577774, 11.536945812807971, 5.6358089627601657]
[16.966186999362435, 8.4113767518556415, 14.474530831099401, 20.065368815859983, 16.015907447577774, 1.4630541871920286, 5.6358089627601657]
[2.966186999362435, 8.4113767518556415, 4.4745308310994005, 9.0653688158599834, 16.015907447577774, 14.536945812807971, 31.635808962760166]
[9.966186999362435, 25.588623248144359, 24.474530831099401, 20.065368815859983, 7.0159074475777743, 14.536945812807971, 18.635808962760166]
[29.966186999362435, 25.588623248144359, 24.474530831099401, 9.0653688158599834, 24.015907447577774, 20.536945812807971, 11.635808962760166]
[22.966186999362435, 25.588623248144359, 24.474530831099401, 9.0653688158599834, 33.015907447577774, 30.536945812807971, 31.635808962760166]
[42.966186999362435, 25.588623248144359, 34.474530831099401, 9.0653688158599834, 41.015907447577774, 37.536945812807971, 31.635808962760166]
[42.966186999362435, 59.588623248144359, 34.474530831099401, 41.065368815859983, 75.015907447577774, 46.536945812807971, 64.635808962760166]
[89.966186999362435, 70.588623248144359, 54.474530831099401, 83.065368815859983, 84.015907447577774, 75.536945812807971, 70.635808962760166]
[76.966186999362435, 114.58862324814436, 93.474530831099401, 52.065368815859983, 143.01590744757777, 125.53694581280797, 76.635808962760166]
[141.96618699936244, 168.58862324814436, 152.4745308310994, 62.065368815859983, 250.01590744757777, 186.53694581280797, 109.63580896276017]
[173.96618699936244, 297.58862324814436, 229.4745308310994, 83.065368815859983, 434.01590744757777, 284.53694581280797, 134.63580896276017]
[218.96618699936244, 454.58862324814436, 351.4745308310994, 125.06536881585998, 685.01590744757777, 404.53694581280797, 166.63580896276017]
[212.96618699936244, 535.58862324814436, 525.4745308310994, 146.06536881585998, 935.01590744757777, 446.53694581280797, 191.63580896276017]
[205.96618699936244, 484.58862324814436, 803.4745308310994, 198.06536881585998, 1018.0159074475778, 540.53694581280797, 216.63580896276017]
[160.96618699936244, 433.58862324814436, 1151.4745308310994, 249.06536881585998, 816.01590744757777, 726.53694581280797, 259.63580896276017]
[154.96618699936244, 371.58862324814436, 1235.4745308310994, 299.06536881585998, 543.01590744757777, 1164.536945812808, 326.63580896276017]
[160.96618699936244, 402.58862324814436, 1174.4745308310994, 289.06536881585998, 371.01590744757777, 1282.536945812808, 492.63580896276017]
[186.96618699936244, 494.58862324814436, 1040.4745308310994, 249.06536881585998, 291.01590744757777, 1063.536945812808, 589.63580896276017]
[205.96618699936244, 674.58862324814436, 769.4745308310994, 187.06536881585998, 283.01590744757777, 987.53694581280797, 617.63580896276017]
[244.96618699936244, 978.58862324814436, 569.4745308310994, 177.06536881585998, 315.01590744757777, 1086.536945812808, 498.63580896276017]
[312.96618699936244, 1140.5886232481444, 480.4745308310994, 167.06536881585998, 427.01590744757777, 1152.536945812808, 345.63580896276017]
[319.96618699936244, 1220.5886232481444, 434.4745308310994, 136.06536881585998, 626.01590744757777, 1020.536945812808, 272.63580896276017]
[269.96618699936244, 1237.5886232481444, 453.4745308310994, 136.06536881585998, 787.01590744757777, 736.53694581280797, 216.63580896276017]
[231.96618699936244, 752.58862324814436, 552.4745308310994, 136.06536881585998, 844.01590744757777, 587.53694581280797, 228.63580896276017]
[193.96618699936244, 433.58862324814436, 569.4745308310994, 167.06536881585998, 641.01590744757777, 487.53694581280797, 178.63580896276017]
[167.96618699936244, 329.58862324814436, 471.4745308310994, 177.06536881585998, 466.01590744757777, 432.53694581280797, 185.63580896276017]
[160.96618699936244, 255.58862324814436, 361.4745308310994, 167.06536881585998, 347.01590744757777, 357.53694581280797, 160.63580896276017]
[141.96618699936244, 201.58862324814436, 276.4745308310994, 146.06536881585998, 267.01590744757777, 293.53694581280797, 172.63580896276017]
[95.966186999362435, 158.58862324814436, 210.4745308310994, 115.06536881585998, 193.01590744757777, 219.53694581280797, 160.63580896276017]
[89.966186999362435, 114.58862324814436, 152.4745308310994, 115.06536881585998, 143.01590744757777, 156.53694581280797, 134.63580896276017]
[69.966186999362435, 70.588623248144359, 113.4745308310994, 104.06536881585998, 92.015907447577774, 103.53694581280797, 89.635808962760166]
[62.966186999362435, 47.588623248144359, 74.474530831099401, 62.065368815859983, 67.015907447577774, 75.536945812807971, 70.635808962760166]
[42.966186999362435, 70.588623248144359, 34.474530831099401, 31.065368815859983, 50.015907447577774, 49.536945812807971, 57.635808962760166]
[29.966186999362435, 14.588623248144359, 24.474530831099401, 52.065368815859983, 33.015907447577774, 20.536945812807971, 24.635808962760166]
[36.966186999362435, 3.5886232481443585, 4.4745308310994005, 9.0653688158599834, 24.015907447577774, 1.5369458128079714, 11.635808962760166]
[9.966186999362435, 8.4113767518556415, 4.4745308310994005, 20.065368815859983, 16.015907447577774, 1.4630541871920286, 18.635808962760166]
[2.966186999362435, 14.588623248144359, 14.474530831099401, 20.065368815859983, 7.0159074475777743, 1.5369458128079714, 11.635808962760166]
[9.966186999362435, 3.5886232481443585, 14.474530831099401, 9.0653688158599834, 1.9840925524222257, 4.5369458128079714, 11.635808962760166]
[3.033813000637565, 3.5886232481443585, 14.474530831099401, 9.0653688158599834, 7.0159074475777743, 4.5369458128079714, 11.635808962760166]
[2.966186999362435, 3.5886232481443585, 5.5254691689005995, 9.0653688158599834, 1.9840925524222257, 1.5369458128079714, 1.3641910372398343]
[10.033813000637565, 14.588623248144359, 4.4745308310994005, 0.93463118414001656, 9.9840925524222257, 8.5369458128079714, 1.3641910372398343]
[16.966186999362435, 8.4113767518556415, 5.5254691689005995, 0.93463118414001656, 9.9840925524222257, 1.4630541871920286, 1.3641910372398343]
[2.966186999362435, 19.411376751855641, 5.5254691689005995, 9.0653688158599834, 7.0159074475777743, 8.4630541871920286, 14.364191037239834]
[2.966186999362435, 3.5886232481443585, 4.4745308310994005, 9.0653688158599834, 9.9840925524222257, 21.463054187192029, 14.364191037239834]
