[7.8539691523992587, 4.298682284041206, 2.8030577869922126, 6.733434406492961, 2.3386837881207612, 4.2652178188618564, 26.150746373256879]
[1.8539691523992587, 4.298682284041206, 2.8030577869922126, 4.266565593507039, 6.6613162118792388, 7.2652178188618564, 6.8492536267431205]
[14.853969152399259, 4.298682284041206, 17.196942213007787, 14.266565593507039, 2.3386837881207612, 4.2652178188618564, 6.1507463732568795]
[18.146030847600741, 4.298682284041206, 7.1969422130077874, 14.266565593507039, 2.3386837881207612, 10.265217818861856, 13.150746373256879]
[14.853969152399259, 4.298682284041206, 2.8030577869922126, 4.266565593507039, 6.6613162118792388, 1.7347821811381436, 6.1507463732568795]
[14.853969152399259, 6.701317715958794, 17.196942213007787, 6.733434406492961, 6.6613162118792388, 5.7347821811381436, 6.1507463732568795]
[14.853969152399259, 6.701317715958794, 7.1969422130077874, 6.733434406492961, 11.338683788120761, 1.2652178188618564, 13.150746373256879]
[7.8539691523992587, 4.298682284041206, 7.1969422130077874, 6.733434406492961, 11.338683788120761, 11.734782181138144, 6.1507463732568795]
[12.146030847600741, 4.298682284041206, 2.8030577869922126, 4.266565593507039, 6.6613162118792388, 4.2652178188618564, 0.15074637325687945]
[7.8539691523992587, 15.298682284041206, 7.1969422130077874, 4.266565593507039, 14.661316211879239, 4.2652178188618564, 33.150746373256879]
[7.8539691523992587, 15.298682284041206, 17.196942213007787, 4.266565593507039, 14.661316211879239, 10.265217818861856, 6.1507463732568795]
[1.8539691523992587, 6.701317715958794, 7.1969422130077874, 4.266565593507039, 2.3386837881207612, 4.2652178188618564, 6.8492536267431205]
[7.8539691523992587, 6.701317715958794, 7.1969422130077874, 17.733434406492961, 6.6613162118792388, 11.734782181138144, 0.15074637325687945]
[1.8539691523992587, 6.701317715958794, 7.1969422130077874, 6.733434406492961, 14.661316211879239, 4.2652178188618564, 6.1507463732568795]
[12.146030847600741, 15.298682284041206, 2.8030577869922126, 17.733434406492961, 2.3386837881207612, 1.7347821811381436, 6.1507463732568795]
[21.853969152399259, 4.298682284041206, 2.8030577869922126, 4.266565593507039, 11.338683788120761, 1.2652178188618564, 0.15074637325687945]
[1.8539691523992587, 4.298682284041206, 2.8030577869922126, 6.733434406492961, 2.3386837881207612, 17.265217818861856, 0.15074637325687945]
[7.8539691523992587, 4.298682284041206, 7.1969422130077874, 4.266565593507039, 11.338683788120761, 1.2652178188618564, 6.1507463732568795]
[1.8539691523992587, 4.298682284041206, 7.1969422130077874, 6.733434406492961, 14.661316211879239, 7.2652178188618564, 6.8492536267431205]
[14.853969152399259, 15.298682284041206, 2.8030577869922126, 6.733434406492961, 23.661316211879239, 1.2652178188618564, 13.150746373256879]
[1.8539691523992587, 6.701317715958794, 7.1969422130077874, 17.733434406492961, 14.661316211879239, 1.7347821811381436, 26.150746373256879]
[1.8539691523992587, 6.701317715958794, 7.1969422130077874, 6.733434406492961, 6.6613162118792388, 1.2652178188618564, 19.150746373256879]
[5.1460308476007413, 4.298682284041206, 2.8030577869922126, 6.733434406492961, 19.338683788120761, 7.2652178188618564, 26.150746373256879]
[7.8539691523992587, 26.298682284041206, 12.803057786992213, 4.266565593507039, 6.6613162118792388, 14.265217818861856, 0.15074637325687945]
[7.8539691523992587, 15.298682284041206, 12.803057786992213, 4.266565593507039, 6.6613162118792388, 20.265217818861856, 39.150746373256879]
[34.853969152399259, 15.298682284041206, 2.8030577869922126, 4.266565593507039, 40.661316211879239, 23.265217818861856, 0.15074637325687945]
[54.853969152399259, 26.298682284041206, 22.803057786992213, 27.733434406492961, 48.661316211879239, 39.265217818861856, 33.150746373256879]
[47.853969152399259, 49.298682284041206, 42.803057786992213, 27.733434406492961, 65.661316211879239, 58.265217818861856, 46.150746373256879]
[61.853969152399259, 71.298682284041206, 72.803057786992213, 48.733434406492961, 125.66131621187924, 102.26521781886186, 84.150746373256879]
[100.85396915239926, 148.29868228404121, 140.80305778699221, 69.733434406492961, 240.66131621187924, 170.26521781886186, 110.15074637325688]
[152.85396915239926, 255.29868228404121, 236.80305778699221, 90.733434406492961, 440.66131621187924, 254.26521781886186, 116.15074637325688]
[203.85396915239926, 402.29868228404121, 377.80305778699221, 122.73343440649296, 734.66131621187924, 341.26521781886186, 167.15074637325688]
[184.85396915239926, 474.29868228404121, 593.80305778699221, 153.73343440649296, 1055.6613162118792, 428.26521781886186, 186.15074637325688]
[178.85396915239926, 444.29868228404121, 907.80305778699221, 204.73343440649296, 1108.6613162118792, 546.26521781886186, 205.15074637325688]
[158.85396915239926, 402.29868228404121, 1231.8030577869922, 245.73343440649296, 820.66131621187924, 812.26521781886186, 261.15074637325688]
[178.85396915239926, 423.29868228404121, 1208.8030577869922, 285.73343440649296, 517.66131621187924, 1295.2652178188619, 352.15074637325688]
[178.85396915239926, 515.29868228404121, 1068.8030577869922, 245.73343440649296, 353.66131621187924, 1154.2652178188619, 545.15074637325688]
[216.85396915239926, 694.29868228404121, 882.80305778699221, 204.73343440649296, 305.66131621187924, 1031.2652178188619, 640.15074637325688]
[254.85396915239926, 968.29868228404121, 663.80305778699221, 163.73343440649296, 297.66131621187924, 1084.2652178188619, 601.15074637325688]
[328.85396915239926, 1236.2986822840412, 495.80305778699221, 132.73343440649296, 377.66131621187924, 1245.2652178188619, 435.15074637325688]
[359.85396915239926, 1330.2986822840412, 422.80305778699221, 111.73343440649296, 533.66131621187924, 1287.2652178188619, 309.15074637325688]
[322.85396915239926, 1422.2986822840412, 422.80305778699221, 132.73343440649296, 705.66131621187924, 999.26521781886186, 236.15074637325688]
[273.85396915239926, 1183.2986822840412, 441.80305778699221, 122.73343440649296, 855.66131621187924, 701.26521781886186, 217.15074637325688]
[222.85396915239926, 809.29868228404121, 513.80305778699221, 142.73343440649296, 925.66131621187924, 562.26521781886186, 192.15074637325688]
[203.85396915239926, 484.29868228404121, 584.80305778699221, 142.73343440649296, 791.66131621187924, 496.26521781886186, 192.15074637325688]
[158.85396915239926, 392.29868228404121, 593.80305778699221, 163.73343440649296, 653.66131621187924, 485.26521781886186, 167.15074637325688]
[139.85396915239926, 340.29868228404121, 495.80305778699221, 163.73343440649296, 502.66131621187924, 469.26521781886186, 167.15074637325688]
[145.85396915239926, 298.29868228404121, 450.80305778699221, 153.73343440649296, 448.66131621187924, 444.26521781886186, 205.15074637325688]
[139.85396915239926, 255.29868228404121, 386.80305778699221, 142.73343440649296, 369.66131621187924, 394.26521781886186, 192.15074637325688]
[113.85396915239926, 266.29868228404121, 312.80305778699221, 142.73343440649296, 297.66131621187924, 315.26521781886186, 180.15074637325688]
[113.85396915239926, 180.29868228404121, 236.80305778699221, 163.73343440649296, 232.66131621187924, 260.26521781886186, 173.15074637325688]
[93.853969152399259, 158.29868228404121, 188.80305778699221, 122.73343440649296, 175.66131621187924, 191.26521781886186, 142.15074637325688]
[87.853969152399259, 115.29868228404121, 121.80305778699221, 69.733434406492961, 108.66131621187924, 133.26521781886186, 84.150746373256879]
[80.853969152399259, 60.298682284041206, 72.803057786992213, 59.733434406492961, 82.661316211879239, 90.265217818861856, 59.150746373256879]
[47.853969152399259, 37.298682284041206, 32.803057786992213, 38.733434406492961, 65.661316211879239, 58.265217818861856, 71.150746373256879]
[21.853969152399259, 15.298682284041206, 22.803057786992213, 17.733434406492961, 31.661316211879239, 17.265217818861856, 26.150746373256879]
[7.8539691523992587, 15.298682284041206, 12.803057786992213, 17.733434406492961, 14.661316211879239, 7.2652178188618564, 6.1507463732568795]
[7.8539691523992587, 4.298682284041206, 7.1969422130077874, 6.733434406492961, 11.338683788120761, 10.265217818861856, 26.150746373256879]
[5.1460308476007413, 4.298682284041206, 2.8030577869922126, 6.733434406492961, 19.338683788120761, 1.7347821811381436, 6.1507463732568795]
[25.146030847600741, 6.701317715958794, 2.8030577869922126, 4.266565593507039, 2.3386837881207612, 4.2652178188618564, 0.15074637325687945]
[5.1460308476007413, 6.701317715958794, 17.196942213007787, 4.266565593507039, 2.3386837881207612, 1.2652178188618564, 6.1507463732568795]
[12.146030847600741, 6.701317715958794, 7.1969422130077874, 14.266565593507039, 2.3386837881207612, 14.734782181138144, 26.849253626743121]
