[0.017406571666144066, -0.05789172670796561, 0.045177904120375256]
[0.01627989413066691, -0.12726768155602497, 0.0941362374537086]
[0.007943247102728923, -0.2054107663854654, 0.13003901523148637]
[0.010832284628120942, -0.41760497115095874, 0.14844179300926413]
[0.01409811008704756, -0.47372183012223196, 0.14853901523148638]
[0.018147634768885507, -0.5159690994645687, 0.1344833915772461]
[0.018490914683853082, -0.5200139317334016, 0.1021500582439128]
[0.01441042392988967, -0.5630840216714783, 0.06115005824391277]
[0.004261076185380797, -0.5887532316046219, 0.02618737758852982]
[0.028091611366582087, -0.6273167081240577, 0.00411793314408538]
