[0.1461475185755034, -0.04983927492211904, 0.030112933184642112]
[0.19633949713563653, -0.06667977792040758, 0.07801571096241991]
[0.2139186077676603, -0.11330642679411074, 0.13930737762908657]
[0.22339610359497453, -0.17783060359880443, 0.2185573776290866]
[0.2303856873895111, -0.23769686434015447, 0.28980737762908654]
[0.23548495996079394, -0.42885555757687, 0.3445295998513088]
[0.23754555716309084, -0.5246432200923945, 0.3823490442957532]
[0.2353122828296863, -0.5770082295898673, 0.39452959985130875]
[0.23360092231660212, -0.5996593747376956, 0.3769774791359843]
[0.2290468083451178, -0.6290279611813681, 0.3294774791359843]
[0.2243711265090903, -0.6740314624337573, 0.2718108124693176]
[0.22093173628661417, -0.7076429779786952, 0.21251914580265094]
[0.21078879901625797, -0.719047477794185, 0.15251914580265097]
[0.19931931970676114, -0.7114035212920728, 0.09965803469153985]
[0.184208709685102, -0.6993469757347436, 0.05875525691376207]
[0.1565765664993235, -0.6856781739201192, 0.02918055555555556]
[0.07991900152953446, -0.7192624501894102, 0.007013888888888889]
