[0.150687825114881, -0.07587484332730321, 0.0179465860516946]
[0.2024048727920741, -0.1147242338302179, 0.05134610734907636]
[0.2166253370982778, -0.1811367203075539, 0.09426277401574305]
[0.2270353593380703, -0.25944380775430753, 0.14073499623796526]
[0.22480888823858747, -0.5250091517149698, 0.18454055179352086]
[0.19873881438054025, -0.7994917631744459, 0.14856618796404847]
[0.18815678438143274, -0.8200933780160631, 0.10777777777777779]
[0.18641967662336761, -0.8393005512601583, 0.07459722222222222]
[0.1811902270682607, -0.8743805031540863, 0.04845833333333333]
[0.16936581086257863, -0.9036142304792999, 0.027625000000000004]
