[11.641434262947769, 13.695637208502376, 18.818181818181984, 15.296171927468095, 1.4454283816685347, 0.17723740285782696, 3.2710280373830756]
[11.641434262947769, 23.695637208502376, 10.818181818181984, 3.7038280725319055, 1.4454283816685347, 3.177237402857827, 7.7289719626169244]
[5.6414342629477687, 16.304362791497624, 1.8181818181819835, 15.296171927468095, 8.4454283816685347, 8.177237402857827, 12.728971962616924]
[17.641434262947769, 13.695637208502376, 18.818181818181984, 6.2961719274680945, 8.4454283816685347, 24.177237402857827, 3.2710280373830756]
[5.6414342629477687, 3.6956372085023759, 1.8181818181819835, 6.2961719274680945, 1.4454283816685347, 3.822762597142173, 12.728971962616924]
[17.641434262947769, 13.695637208502376, 10.818181818181984, 15.296171927468095, 1.4454283816685347, 5.177237402857827, 3.2710280373830756]
[0.35856573705223127, 3.6956372085023759, 1.8181818181819835, 3.7038280725319055, 8.4454283816685347, 8.177237402857827, 12.728971962616924]
[17.641434262947769, 23.695637208502376, 10.818181818181984, 6.2961719274680945, 8.4454283816685347, 3.177237402857827, 12.728971962616924]
[17.641434262947769, 13.695637208502376, 10.818181818181984, 3.7038280725319055, 8.4454283816685347, 10.177237402857827, 22.728971962616924]
[0.35856573705223127, 13.695637208502376, 10.818181818181984, 6.2961719274680945, 1.4454283816685347, 0.17723740285782696, 7.7289719626169244]
[5.6414342629477687, 3.6956372085023759, 1.8181818181819835, 6.2961719274680945, 8.4454283816685347, 8.177237402857827, 1.7289719626169244]
[0.35856573705223127, 3.6956372085023759, 10.818181818181984, 6.2961719274680945, 15.445428381668535, 3.177237402857827, 1.7289719626169244]
[17.641434262947769, 13.695637208502376, 18.818181818181984, 3.7038280725319055, 5.5545716183314653, 3.822762597142173, 17.728971962616924]
[5.6414342629477687, 13.695637208502376, 1.8181818181819835, 15.296171927468095, 8.4454283816685347, 3.177237402857827, 7.7289719626169244]
[17.641434262947769, 3.6956372085023759, 1.8181818181819835, 3.7038280725319055, 1.4454283816685347, 8.177237402857827, 12.728971962616924]
[11.641434262947769, 6.3043627914976241, 27.818181818181984, 12.703828072531905, 5.5545716183314653, 8.177237402857827, 12.728971962616924]
[17.641434262947769, 13.695637208502376, 10.818181818181984, 6.2961719274680945, 1.4454283816685347, 0.17723740285782696, 1.7289719626169244]
[23.641434262947769, 13.695637208502376, 10.818181818181984, 3.7038280725319055, 1.4454283816685347, 6.822762597142173, 1.7289719626169244]
[5.6414342629477687, 3.6956372085023759, 10.818181818181984, 3.7038280725319055, 8.4454283816685347, 8.822762597142173, 8.2710280373830756]
[5.6414342629477687, 3.6956372085023759, 7.1818181818180165, 15.296171927468095, 5.5545716183314653, 3.177237402857827, 3.2710280373830756]
[0.35856573705223127, 3.6956372085023759, 10.818181818181984, 15.296171927468095, 5.5545716183314653, 1.822762597142173, 8.2710280373830756]
[0.35856573705223127, 3.6956372085023759, 1.8181818181819835, 6.2961719274680945, 20.554571618331465, 3.822762597142173, 7.7289719626169244]
[6.3585657370522313, 3.6956372085023759, 1.8181818181819835, 3.7038280725319055, 13.554571618331465, 12.822762597142173, 13.271028037383076]
[18.358565737052231, 3.6956372085023759, 1.8181818181819835, 12.703828072531905, 20.554571618331465, 1.822762597142173, 13.271028037383076]
[5.6414342629477687, 3.6956372085023759, 1.8181818181819835, 12.703828072531905, 20.554571618331465, 15.822762597142173, 13.271028037383076]
[12.358565737052231, 16.304362791497624, 24.181818181818016, 12.703828072531905, 20.554571618331465, 15.822762597142173, 24.271028037383076]
[24.358565737052231, 26.304362791497624, 24.181818181818016, 22.703828072531905, 20.554571618331465, 31.822762597142173, 39.271028037383076]
[30.358565737052231, 36.304362791497624, 33.181818181818016, 22.703828072531905, 63.554571618331465, 63.822762597142173, 49.271028037383076]
[70.358565737052231, 75.304362791497624, 68.181818181818016, 41.703828072531905, 99.554571618331465, 117.82276259714217, 70.271028037383076]
[88.358565737052231, 133.30436279149762, 144.18181818181802, 87.703828072531905, 177.55457161833147, 204.82276259714217, 135.27102803738308]
[111.35856573705223, 210.30436279149762, 228.18181818181802, 96.703828072531905, 253.55457161833147, 327.82276259714217, 175.27102803738308]
[156.35856573705223, 331.30436279149762, 335.18181818181802, 133.70382807253191, 341.55457161833147, 477.82276259714217, 234.27102803738308]
[201.35856573705223, 486.30436279149762, 447.18181818181802, 151.70382807253191, 440.55457161833147, 649.82276259714217, 258.27102803738308]
[212.35856573705223, 627.30436279149762, 541.18181818181802, 151.70382807253191, 498.55457161833147, 827.82276259714217, 301.27102803738308]
[207.35856573705223, 772.30436279149762, 663.18181818181802, 161.70382807253191, 606.55457161833147, 1031.8227625971422, 330.27102803738308]
[240.35856573705223, 887.30436279149762, 781.18181818181802, 179.70382807253191, 687.55457161833147, 1192.8227625971422, 311.27102803738308]
[223.35856573705223, 976.30436279149762, 875.18181818181802, 197.70382807253191, 754.55457161833147, 1309.8227625971422, 325.27102803738308]
[229.35856573705223, 1016.3043627914976, 946.18181818181802, 206.70382807253191, 807.55457161833147, 1395.8227625971422, 306.27102803738308]
[240.35856573705223, 1079.3043627914976, 1001.181818181818, 206.70382807253191, 866.55457161833147, 1453.8227625971422, 320.27102803738308]
[229.35856573705223, 1103.3043627914976, 1022.181818181818, 215.70382807253191, 895.55457161833147, 1487.8227625971422, 315.27102803738308]
[235.35856573705223, 1118.3043627914976, 1029.181818181818, 179.70382807253191, 901.55457161833147, 1488.8227625971422, 315.27102803738308]
[218.35856573705223, 1110.3043627914976, 1029.181818181818, 197.70382807253191, 890.55457161833147, 1493.8227625971422, 301.27102803738308]
[212.35856573705223, 1110.3043627914976, 1022.181818181818, 206.70382807253191, 895.55457161833147, 1499.8227625971422, 296.27102803738308]
[251.35856573705223, 1118.3043627914976, 1001.181818181818, 197.70382807253191, 872.55457161833147, 1500.8227625971422, 292.27102803738308]
[251.35856573705223, 1118.3043627914976, 1015.181818181818, 188.70382807253191, 878.55457161833147, 1492.8227625971422, 306.27102803738308]
[229.35856573705223, 1126.3043627914976, 967.18181818181802, 197.70382807253191, 866.55457161833147, 1486.8227625971422, 315.27102803738308]
[246.35856573705223, 1126.3043627914976, 939.18181818181802, 206.70382807253191, 837.55457161833147, 1467.8227625971422, 306.27102803738308]
[251.35856573705223, 1141.3043627914976, 932.18181818181802, 188.70382807253191, 837.55457161833147, 1456.8227625971422, 315.27102803738308]
[246.35856573705223, 1134.3043627914976, 910.18181818181802, 197.70382807253191, 837.55457161833147, 1451.8227625971422, 301.27102803738308]
[246.35856573705223, 1157.3043627914976, 896.18181818181802, 170.70382807253191, 849.55457161833147, 1448.8227625971422, 306.27102803738308]
[246.35856573705223, 1141.3043627914976, 889.18181818181802, 188.70382807253191, 831.55457161833147, 1437.8227625971422, 282.27102803738308]
[251.35856573705223, 1141.3043627914976, 889.18181818181802, 188.70382807253191, 825.55457161833147, 1440.8227625971422, 301.27102803738308]
[251.35856573705223, 1141.3043627914976, 875.18181818181802, 179.70382807253191, 819.55457161833147, 1433.8227625971422, 301.27102803738308]
