(-1, -1, 0.0)
(-1, -1, 0.0)
(-1, -1, 0.0)
(-1, -1, 0.0)
(-1, -1, 0.0)
(-1, -1, 0.0)
(-1, -1, 0.0)
(-1, -1, 0.0)
(-1, -1, 0.0)
(-1, -1, 0.0)
(-1, -1, 0.0)
(-1, -1, 0.0)
(-1, -1, 0.0)
(-1, -1, 0.0)
(-1, -1, 0.0)
(-1, -1, 0.0)
(-1, -1, 0.0)
(-1, -1, 0.0)
(-1, -1, 0.0)
(-1, -1, 0.0)
(-1, -1, 0.0)
(-1, -1, 0.0)
(-1, -1, 0.0)
(-1, -1, 0.0)
(-1, -1, 0.0)
(-1, -1, 0.0)
(-1, -1, 0.0)
(-1, -1, 0.0)
(-1, -1, 0.0)
(-1, -1, 0.0)
(-1, -1, 0.0)
(-1, -1, 0.0)
(-1, -1, 0.0)
(-1, -1, 0.0)
(-1, -1, 0.0)
(-1, -1, 0.0)
(-1, -1, 0.0)
(-1, -1, 0.0)
(-1, -1, 0.0)
(-1, -1, 0.0)
(-1, -1, 0.0)
(-1, -1, 0.0)
(-1, -1, 0.0)
(-1, -1, 0.0)
(-1, -1, 0.0)
(-1, -1, 0.0)
(-1, -1, 0.0)
(-1, -1, 0.00025187505613942209)
(0.50997800516730352, 0.63081345120715271, 0.013438784869880264)
(0.50869081864152799, 0.34503108628041251, 0.046756105116019367)
(-1, 0.24405657328354954, 0.095906599234391932)
(-1, 0.19001242796785692, 0.14333715478994752)
(-1, 0.18072011541242658, 0.17615659923439192)
(-1, 0.17767933070437622, 0.19261493256772527)
(-1, 0.1502385887358276, 0.19036493256772527)
(-1, 0.087248393417003953, 0.16757326590105862)
(-1, 0.0014840647915858672, 0.13211705676603061)
(-1, 0.0, 0.093922612321586149)
(0.50088780393592647, -1, 0.062644834543808398)
(0.49137616306419513, -1, 0.039367056766030598)
(0.44951276272594098, -1, 0.022966562647658038)
(-1, -1, 0.012411007092102485)
(-1, -1, 0.0042661389825320072)
(-1, -1, 0.0010157639450283113)
(-1, -1, 0.0)
(-1, -1, 0.0)
(-1, -1, 0.0)
(-1, -1, 0.0)
(-1, -1, 0.0)
(-1, -1, 0.0)
(-1, -1, 0.0)
(-1, -1, 0.0)
(-1, -1, 0.0)
(-1, -1, 0.0)
(-1, -1, 0.0)
(-1, -1, 0.0)
