[1253, 967, 1029, 991, 1129, 1994, 1338]
[1253, 966, 1030, 993, 1129, 1993, 1336]
[1254, 970, 1031, 991, 1128, 1991, 1335]
[1252, 967, 1029, 992, 1128, 1984, 1338]
[1254, 968, 1031, 992, 1129, 1996, 1335]
[1252, 967, 1030, 991, 1129, 1992, 1338]
[1255, 968, 1031, 993, 1128, 1991, 1335]
[1252, 966, 1030, 992, 1128, 1993, 1335]
[1252, 967, 1030, 993, 1128, 1990, 1333]
[1255, 967, 1030, 992, 1129, 1994, 1336]
[1254, 968, 1031, 992, 1128, 1991, 1337]
[1255, 968, 1030, 992, 1127, 1993, 1337]
[1252, 967, 1029, 993, 1130, 1996, 1334]
[1254, 967, 1031, 991, 1128, 1993, 1336]
[1252, 968, 1031, 993, 1129, 1991, 1335]
[1253, 969, 1028, 994, 1130, 1991, 1335]
[1252, 967, 1030, 992, 1129, 1994, 1337]
[1251, 967, 1030, 993, 1129, 1997, 1337]
[1254, 968, 1030, 993, 1128, 1998, 1339]
[1254, 968, 1032, 991, 1130, 1993, 1338]
[1255, 968, 1030, 991, 1130, 1995, 1339]
[1255, 968, 1031, 992, 1132, 1996, 1336]
[1256, 968, 1031, 993, 1131, 2000, 1340]
[1258, 968, 1031, 994, 1132, 1995, 1340]
[1254, 968, 1031, 994, 1132, 2001, 1340]
[1257, 970, 1034, 994, 1132, 2001, 1342]
[1259, 971, 1034, 995, 1132, 2008, 1345]
[1260, 972, 1035, 995, 1138, 2022, 1347]
[1267, 976, 1039, 997, 1143, 2046, 1351]
[1270, 982, 1048, 1002, 1154, 2086, 1364]
[1274, 990, 1058, 1003, 1165, 2145, 1372]
[1282, 1003, 1071, 1007, 1178, 2222, 1384]
[1290, 1020, 1085, 1009, 1193, 2317, 1389]
[1292, 1036, 1097, 1009, 1202, 2425, 1398]
[1291, 1053, 1113, 1010, 1219, 2561, 1404]
[1297, 1067, 1129, 1012, 1232, 2680, 1400]
[1294, 1078, 1142, 1014, 1243, 2773, 1403]
[1295, 1083, 1152, 1015, 1252, 2846, 1399]
[1297, 1091, 1160, 1015, 1262, 2898, 1402]
[1295, 1094, 1163, 1016, 1267, 2929, 1401]
[1296, 1096, 1164, 1012, 1268, 2930, 1401]
[1293, 1095, 1164, 1014, 1266, 2934, 1398]
[1292, 1095, 1163, 1015, 1267, 2940, 1397]
[1299, 1096, 1160, 1014, 1263, 2941, 1396]
[1299, 1096, 1162, 1013, 1264, 2933, 1399]
[1295, 1097, 1155, 1014, 1262, 2928, 1401]
[1298, 1097, 1151, 1015, 1257, 2910, 1399]
[1299, 1099, 1150, 1013, 1257, 2900, 1401]
[1298, 1098, 1147, 1014, 1257, 2896, 1398]
[1298, 1101, 1145, 1011, 1259, 2893, 1399]
[1298, 1099, 1144, 1013, 1256, 2883, 1394]
[1299, 1099, 1144, 1013, 1255, 2886, 1398]
[1299, 1099, 1142, 1012, 1254, 2880, 1398]
