(0.26048215221659637, 0.86532782759945825, 0.012566288279575576)
(0.40662967079209977, 0.81548855267733922, 0.042679221464217688)
(0.45682164935223291, 0.79864804967905068, 0.090581999241995489)
(0.47440075998425668, 0.75202140080534752, 0.15187366590866214)
(0.4838782558115709, 0.68749722400065383, 0.23112366590866218)
(0.49086783960610747, 0.62763096325930379, 0.3023736659086621)
(0.49596711217739031, 0.43647227002258826, 0.35709588813088439)
(0.49802770937968721, 0.34068460750706375, 0.39491533257532879)
(0.49579443504628268, 0.288319598009591, 0.40709588813088432)
(0.4940830745331985, 0.26566845286176266, 0.38954376741555985)
(0.48952896056171419, 0.23629986641809025, 0.34204376741555986)
(0.48485327872568668, 0.19129636516570087, 0.28437710074889316)
(0.48141388850321054, 0.15768484962076296, 0.2250854340822265)
(0.47127095123285434, 0.14628034980527324, 0.16508543408222653)
(0.45980147192335752, 0.15392430630738541, 0.11222432297111543)
(0.44469086190169838, 0.1659808518647147, 0.071321545193337652)
(0.41705871871591987, 0.17964965367933905, 0.041746843835131137)
(0.34040115374613084, 0.14606537741004808, 0.019580177168464465)
