(0.26845198296007478, 0.9036142304792999, 0.010275450505918644)
(0.41913980807495577, 0.82773938715199669, 0.028222036557613243)
(0.47085685575214886, 0.78888999664908199, 0.061621557854995006)
(0.48507732005835258, 0.722477510171746, 0.1045382245216617)
(0.49548734229814506, 0.64417042272499236, 0.15101044674388389)
(0.49326087119866224, 0.37860507876433014, 0.19481600229943949)
(0.46719079734061503, 0.10412246730485401, 0.1588416384699671)
(0.45660876734150752, 0.08352085246323683, 0.11805322828369644)
(0.45487165958344239, 0.064313679219141592, 0.084872672728140863)
(0.44964221002833549, 0.029233727325213604, 0.058733783839251978)
(0.4378177938226534, 0.0, 0.037900450505918649)
