(0.1949682137595142, 0.79363957586800815, 0.022141222240845485)
(0.21237478542565827, 0.73574784916004254, 0.067319126361220741)
(0.21124810789018111, 0.66637189431198318, 0.11627745969455408)
(0.20291146086224313, 0.58822880948254275, 0.15218023747233186)
(0.20580049838763514, 0.37603460471704941, 0.1705830152501096)
(0.20906632384656176, 0.31991774574577619, 0.17068023747233185)
(0.21311584852839971, 0.2776704764034395, 0.15662461381809159)
(0.21345912844336729, 0.27362564413460649, 0.12429128048475828)
(0.20937863768940387, 0.23055555419652979, 0.083291280484758257)
(0.199229289944895, 0.20488634426338623, 0.048328599829375304)
(0.22305982512609629, 0.16632286774395041, 0.026259155384930864)
