(-1, -1, 0.0)
(-1, -1, 0.0)
(-1, -1, 0.0)
(-1, -1, 0.0)
(-1, -1, 0.0)
(-1, -1, 0.0)
(-1, -1, 0.0)
(-1, -1, 0.0)
(-1, -1, 0.0)
(-1, -1, 0.0)
(-1, -1, 0.0)
(-1, -1, 0.0)
(-1, -1, 0.0)
(-1, -1, 0.0)
(-1, -1, 0.0)
(-1, -1, 0.0)
(-1, -1, 0.0)
(-1, -1, 0.0)
(-1, -1, 0.0)
(-1, -1, 0.0)
(-1, -1, 0.0)
(-1, -1, 0.0)
(-1, -1, 0.0)
(-1, -1, 0.0)
(-1, -1, 0.0)
(-1, -1, 0.0)
(-1, -1, 0.0)
(-1, -1, 0.0)
(-1, -1, 0.0)
(-1, -1, 0.0)
(-1, -1, 0.0)
(-1, -1, 0.0014212213579987748)
(-1, 0.34549199119022245, 0.010562304749082183)
(0.73448432221668247, 0.35765597921237391, 0.033731055936168937)
(0.72831855934606748, 0.33812045984391426, 0.06878376446186911)
(0.56853091304497705, 0.32511920938776223, 0.09006580677937677)
(-1, 0.31864088322787748, 0.10458254269812103)
(-1, 0.31265545071066414, 0.1098742093647877)
(0.4503499202009883, 0.30726685630930906, 0.10219365380923214)
(0.2297663402061052, 0.30079556520756223, 0.079040876031454363)
(0.17390359465044475, 0.34959704738316832, 0.044985320475898816)
(0.14153288174697159, -1, 0.022566939013227132)
(-1, -1, 0.0079351898197005041)
(-1, -1, 0.0)
(-1, -1, 0.0)
(-1, -1, 0.0)
(-1, -1, 0.0)
(-1, -1, 0.0)
(-1, -1, 0.0)
(-1, -1, 0.0)
(-1, -1, 0.0)
(-1, -1, 0.0)
(-1, -1, 0.0)
(-1, -1, 0.0)
(-1, -1, 0.0)
(-1, -1, 0.0)
(-1, -1, 0.0)
(-1, -1, 0.0)
(-1, -1, 0.0)
(-1, -1, 0.0)
(-1, -1, 0.0)
