(-1, -1, 0.0)
(-1, -1, 0.0)
(-1, -1, 0.0)
(-1, -1, 0.0)
(-1, -1, 0.0)
(-1, -1, 0.0)
(-1, -1, 0.0)
(-1, -1, 0.0)
(-1, -1, 0.0)
(-1, -1, 0.0)
(-1, -1, 0.0)
(-1, -1, 0.0)
(-1, -1, 0.0)
(-1, -1, 0.0)
(-1, -1, 0.0)
(-1, -1, 0.0)
(-1, -1, 0.0)
(-1, -1, 0.0)
(-1, -1, 0.0)
(-1, -1, 0.0)
(-1, -1, 0.0)
(-1, -1, 0.0)
(-1, -1, 0.0)
(-1, -1, 0.0)
(-1, -1, 0.0)
(-1, -1, 0.0)
(-1, -1, 0.0)
(-1, -1, 0.0)
(-1, -1, 0.0)
(-1, -1, 0.0)
(-1, -1, 0.00063741655122758921)
(-1, -1, 0.0061188964233826679)
(0.73966042774412566, 0.27849309179870946, 0.018111892493506428)
(0.7826371952373965, 0.26370697198593152, 0.045254258143276063)
(0.62908410657823266, 0.24035086269239977, 0.083059813698831628)
(0.54816011298852729, 0.22150902189707544, 0.12012466222694855)
(0.51462030962817706, 0.21781958283840958, 0.15356910667139295)
(0.46564331848138146, 0.21874703136436949, 0.17395799556028188)
(0.43911160937255839, 0.21871655388139064, 0.18193169320458696)
(0.4037698249441396, 0.21839772042996286, 0.17415391542680922)
(0.22281093103489102, 0.21986694634640314, 0.15102891542680918)
(0.18014265146785019, 0.23131388282395662, 0.1188900265379203)
(0.15637425876067473, 0.25394346120379757, 0.08302891542680918)
(0.14020239483070249, 0.2851925628912973, 0.051959470982364746)
(0.1133330553566291, 0.39465222136611205, 0.029662852132734438)
(0.028581160499898197, -1, 0.013806372260579363)
(-1, -1, 0.0027939557093517716)
(-1, -1, 0.0)
(-1, -1, 0.0)
(-1, -1, 0.0)
(-1, -1, 0.0)
(-1, -1, 0.0)
(-1, -1, 0.0)
(-1, -1, 0.0)
(-1, -1, 0.0)
(-1, -1, 0.0)
(-1, -1, 0.0)
(-1, -1, 0.0)
(-1, -1, 0.0)
(-1, -1, 0.0)
(-1, -1, 0.0)
(-1, -1, 0.0)
