(0.0, 0.68884530382908393, 0.0099480865957990924)
(0.092425117383843403, 0.67899340470158742, 0.025983870915035723)
(0.11875984593595584, 0.69262519782071352, 0.057898806212886331)
(0.14236153696313528, 0.66254822253064405, 0.09948798048313949)
(0.17184367324189165, 0.62800313048045509, 0.14761298048313951)
(0.18616757561618016, 0.59631647232527085, 0.19329353603869504)
(0.25353676184584029, 0.57860305478861762, 0.22604353603869501)
(0.42589329959888228, 0.56375177959695599, 0.23937686937202837)
(0.47568921905221917, 0.54897051991340906, 0.23211316629618614)
(0.53624286238645635, 0.43651543470957727, 0.20733538851840835)
(0.58705037909722435, 0.42142852277081272, 0.16578318615489637)
(0.80338531339774999, 0.39925401628548784, 0.11726929726600745)
(0.82747009569498009, 0.36849193983963413, 0.070076584190379071)
(0.89720956603872848, 0.332499400752438, 0.031680699958091994)
