(0.077316289351157863, 0.51794604033681757, 0.025302760843064733)
(0.12945780078315391, 0.44937647050036572, 0.056673850950927328)
(0.16940002198904275, 0.37265184206769375, 0.094965517617593961)
(0.18119893626203551, 0.3424536417536837, 0.13561829539537176)
(0.22673488833920719, 0.32576636517084867, 0.17131273983981624)
(0.42984521873787584, 0.31409329100485917, 0.20193773983981619)
(0.47459528240260623, 0.3044645821581331, 0.21878496206203843)
(0.51446737428127509, 0.29512571938821647, 0.21959468959404879)
(0.5652418496367646, 0.28675521646238, 0.20413635626071547)
(0.72435105535497946, 0.27732158760697923, 0.17309968418030114)
(0.7893164404384353, 0.27353879732651315, 0.13665523973585667)
(0.81446104044326584, 0.27899522586616748, 0.094891350846967801)
(0.84833740022096982, 0.26012907578851291, 0.053335795291412247)
(0.89852319896017874, 0.22638771748842249, 0.022348642462109561)
