[0.62602965403584676, 17.396125345951077, 2.2157405079196906, 6.2252752015265287, 7.2078847494394722, 1.2297496318115009, 3.344288470493666]
[12.626029654035847, 17.396125345951077, 7.7842594920803094, 16.225275201526529, 16.792115250560528, 3.7702503681884991, 9.344288470493666]
[19.626029654035847, 6.3961253459510772, 7.7842594920803094, 26.225275201526529, 0.79211525056052778, 6.7702503681884991, 9.344288470493666]
[31.626029654035847, 6.3961253459510772, 7.7842594920803094, 13.774724798473471, 0.79211525056052778, 15.229749631811501, 14.655711529506334]
[0.62602965403584676, 6.3961253459510772, 35.784259492080309, 16.225275201526529, 7.2078847494394722, 13.229749631811501, 20.655711529506334]
[12.626029654035847, 17.396125345951077, 7.7842594920803094, 6.2252752015265287, 40.792115250560528, 1.2297496318115009, 2.655711529506334]
[6.6260296540358468, 6.3961253459510772, 2.2157405079196906, 16.225275201526529, 8.7921152505605278, 4.2297496318115009, 14.655711529506334]
[6.6260296540358468, 17.396125345951077, 2.2157405079196906, 3.7747247984734713, 8.7921152505605278, 10.229749631811501, 20.655711529506334]
[19.626029654035847, 6.3961253459510772, 16.784259492080309, 6.2252752015265287, 8.7921152505605278, 7.2297496318115009, 26.655711529506334]
[12.626029654035847, 6.3961253459510772, 7.7842594920803094, 16.225275201526529, 16.792115250560528, 4.2297496318115009, 20.655711529506334]
[0.62602965403584676, 17.396125345951077, 16.784259492080309, 16.225275201526529, 0.79211525056052778, 7.2297496318115009, 20.655711529506334]
[25.626029654035847, 17.396125345951077, 7.7842594920803094, 16.225275201526529, 0.79211525056052778, 10.229749631811501, 8.655711529506334]
[19.626029654035847, 17.396125345951077, 7.7842594920803094, 16.225275201526529, 0.79211525056052778, 10.229749631811501, 20.655711529506334]
[5.3739703459641532, 17.396125345951077, 7.7842594920803094, 16.225275201526529, 8.7921152505605278, 15.229749631811501, 14.655711529506334]
[31.626029654035847, 17.396125345951077, 11.215740507919691, 16.225275201526529, 8.7921152505605278, 18.229749631811501, 20.655711529506334]
[25.626029654035847, 6.3961253459510772, 2.2157405079196906, 26.225275201526529, 0.79211525056052778, 4.2297496318115009, 8.655711529506334]
[31.626029654035847, 17.396125345951077, 16.784259492080309, 16.225275201526529, 0.79211525056052778, 10.229749631811501, 2.655711529506334]
[6.6260296540358468, 17.396125345951077, 44.784259492080309, 16.225275201526529, 0.79211525056052778, 13.229749631811501, 2.655711529506334]
[25.626029654035847, 17.396125345951077, 16.784259492080309, 3.7747247984734713, 16.792115250560528, 7.2297496318115009, 26.655711529506334]
[19.626029654035847, 17.396125345951077, 7.7842594920803094, 3.7747247984734713, 0.79211525056052778, 10.229749631811501, 14.655711529506334]
[25.626029654035847, 17.396125345951077, 16.784259492080309, 16.225275201526529, 0.79211525056052778, 7.2297496318115009, 14.655711529506334]
[31.626029654035847, 17.396125345951077, 16.784259492080309, 16.225275201526529, 16.792115250560528, 10.229749631811501, 26.655711529506334]
[19.626029654035847, 17.396125345951077, 7.7842594920803094, 6.2252752015265287, 8.7921152505605278, 4.2297496318115009, 20.655711529506334]
[12.626029654035847, 17.396125345951077, 7.7842594920803094, 16.225275201526529, 0.79211525056052778, 15.229749631811501, 8.655711529506334]
[12.626029654035847, 6.3961253459510772, 16.784259492080309, 26.225275201526529, 8.7921152505605278, 10.229749631811501, 2.655711529506334]
[25.626029654035847, 28.396125345951077, 16.784259492080309, 6.2252752015265287, 0.79211525056052778, 10.229749631811501, 20.655711529506334]
[38.626029654035847, 28.396125345951077, 16.784259492080309, 6.2252752015265287, 8.7921152505605278, 7.2297496318115009, 32.655711529506334]
[31.626029654035847, 28.396125345951077, 16.784259492080309, 16.225275201526529, 16.792115250560528, 27.229749631811501, 20.655711529506334]
[44.626029654035847, 38.396125345951077, 16.784259492080309, 6.2252752015265287, 24.792115250560528, 32.229749631811501, 26.655711529506334]
[93.626029654035847, 49.396125345951077, 44.784259492080309, 26.225275201526529, 32.792115250560528, 38.229749631811501, 44.655711529506334]
[87.626029654035847, 49.396125345951077, 72.784259492080309, 26.225275201526529, 64.792115250560528, 55.229749631811501, 67.655711529506334]
[106.62602965403585, 91.396125345951077, 53.784259492080309, 56.225275201526529, 119.79211525056053, 77.229749631811501, 67.655711529506334]
[124.62602965403585, 122.39612534595108, 91.784259492080309, 36.225275201526529, 143.79211525056053, 123.2297496318115, 84.655711529506334]
[160.62602965403585, 184.39612534595108, 127.78425949208031, 66.225275201526529, 220.79211525056053, 184.2297496318115, 113.65571152950633]
[226.62602965403585, 276.39612534595108, 191.78425949208031, 76.225275201526529, 362.79211525056053, 267.2297496318115, 136.65571152950633]
[256.62602965403585, 405.39612534595108, 316.78425949208031, 96.225275201526529, 564.79211525056053, 392.2297496318115, 187.65571152950633]
[303.62602965403585, 598.39612534595108, 462.78425949208031, 125.22527520152653, 815.79211525056053, 582.2297496318115, 226.65571152950633]
[303.62602965403585, 846.39612534595108, 678.78425949208031, 135.22527520152653, 900.79211525056053, 942.2297496318115, 293.65571152950633]
[326.62602965403585, 1081.3961253459511, 891.78425949208031, 155.22527520152653, 681.79211525056053, 1726.2297496318115, 395.65571152950633]
[315.62602965403585, 1206.3961253459511, 983.78425949208031, 145.22527520152653, 457.79211525056053, 3172.2297496318115, 561.65571152950633]
[326.62602965403585, 1312.3961253459511, 1094.7842594920803, 145.22527520152653, 310.79211525056053, 2722.2297496318115, 824.65571152950633]
[332.62602965403585, 1408.3961253459511, 1245.7842594920803, 155.22527520152653, 204.79211525056053, 1614.2297496318115, 1257.6557115295063]
[366.62602965403585, 1344.3961253459511, 1131.7842594920803, 155.22527520152653, 166.79211525056053, 1001.2297496318115, 1701.6557115295063]
[366.62602965403585, 1148.3961253459511, 922.78425949208031, 164.22527520152653, 135.79211525056053, 674.2297496318115, 1594.6557115295063]
[320.62602965403585, 952.39612534595108, 686.78425949208031, 155.22527520152653, 135.79211525056053, 489.2297496318115, 1166.6557115295063]
[332.62602965403585, 728.39612534595108, 555.78425949208031, 164.22527520152653, 88.792115250560528, 392.2297496318115, 810.65571152950633]
[297.62602965403585, 531.39612534595108, 394.78425949208031, 145.22527520152653, 96.792115250560528, 338.2297496318115, 566.65571152950633]
[238.62602965403585, 396.39612534595108, 289.78425949208031, 115.22527520152653, 96.792115250560528, 280.2297496318115, 384.65571152950633]
[215.62602965403585, 286.39612534595108, 227.78425949208031, 76.225275201526529, 80.792115250560528, 224.2297496318115, 271.65571152950633]
[154.62602965403585, 215.39612534595108, 155.78425949208031, 76.225275201526529, 80.792115250560528, 198.2297496318115, 176.65571152950633]
[136.62602965403585, 153.39612534595108, 109.78425949208031, 66.225275201526529, 80.792115250560528, 134.2297496318115, 136.65571152950633]
[118.62602965403585, 91.396125345951077, 81.784259492080309, 56.225275201526529, 80.792115250560528, 96.229749631811501, 73.655711529506334]
[44.626029654035847, 49.396125345951077, 44.784259492080309, 56.225275201526529, 56.792115250560528, 43.229749631811501, 55.655711529506334]
[56.626029654035847, 28.396125345951077, 44.784259492080309, 36.225275201526529, 32.792115250560528, 29.229749631811501, 32.655711529506334]
[50.626029654035847, 28.396125345951077, 35.784259492080309, 16.225275201526529, 8.7921152505605278, 15.229749631811501, 8.655711529506334]
[31.626029654035847, 17.396125345951077, 7.7842594920803094, 6.2252752015265287, 8.7921152505605278, 13.229749631811501, 2.655711529506334]
[19.626029654035847, 17.396125345951077, 7.7842594920803094, 13.774724798473471, 7.2078847494394722, 7.2297496318115009, 8.655711529506334]
[19.626029654035847, 6.3961253459510772, 2.2157405079196906, 13.774724798473471, 8.7921152505605278, 3.7702503681884991, 2.655711529506334]
[5.3739703459641532, 3.6038746540489228, 2.2157405079196906, 6.2252752015265287, 0.79211525056052778, 10.229749631811501, 2.655711529506334]
[19.626029654035847, 3.6038746540489228, 7.7842594920803094, 6.2252752015265287, 0.79211525056052778, 1.2297496318115009, 2.655711529506334]
[31.373970345964153, 14.603874654048923, 11.215740507919691, 6.2252752015265287, 15.207884749439472, 18.770250368188499, 20.344288470493666]
[5.3739703459641532, 14.603874654048923, 7.7842594920803094, 6.2252752015265287, 15.207884749439472, 3.7702503681884991, 3.344288470493666]
[24.373970345964153, 14.603874654048923, 11.215740507919691, 23.774724798473471, 7.2078847494394722, 6.7702503681884991, 2.655711529506334]
[6.6260296540358468, 14.603874654048923, 21.215740507919691, 13.774724798473471, 15.207884749439472, 1.2297496318115009, 20.344288470493666]
[18.373970345964153, 25.603874654048923, 11.215740507919691, 23.774724798473471, 15.207884749439472, 9.7702503681884991, 20.344288470493666]
[18.373970345964153, 14.603874654048923, 11.215740507919691, 13.774724798473471, 15.207884749439472, 18.770250368188499, 15.344288470493666]
