[18.47259608713739, 13.004500450044361, 5.7615826851542806, 15.539590980597495, 4.2965743782260688, 6.4745096203359935, 0.18916734033973626]
[13.52740391286261, 8.9954995499556389, 3.2384173148457194, 5.5395909805974952, 4.2965743782260688, 0.47450962033599353, 0.18916734033973626]
[0.52740391286261001, 2.0045004500443611, 5.7615826851542806, 5.5395909805974952, 4.2965743782260688, 11.474509620335994, 5.8108326596602637]
[5.47259608713739, 2.0045004500443611, 3.2384173148457194, 4.4604090194025048, 4.2965743782260688, 20.474509620335994, 0.18916734033973626]
[7.52740391286261, 2.0045004500443611, 3.2384173148457194, 25.460409019402505, 11.703425621773931, 6.4745096203359935, 12.189167340339736]
[19.52740391286261, 18.995499549955639, 5.7615826851542806, 14.460409019402505, 11.703425621773931, 2.5254903796640065, 11.810832659660264]
[7.52740391286261, 2.0045004500443611, 3.2384173148457194, 5.5395909805974952, 4.2965743782260688, 5.5254903796640065, 11.810832659660264]
[0.52740391286261001, 2.0045004500443611, 5.7615826851542806, 4.4604090194025048, 3.7034256217739312, 11.474509620335994, 0.18916734033973626]
[0.52740391286261001, 2.0045004500443611, 5.7615826851542806, 5.5395909805974952, 4.2965743782260688, 6.4745096203359935, 0.18916734033973626]
[0.52740391286261001, 2.0045004500443611, 5.7615826851542806, 4.4604090194025048, 12.296574378226069, 14.474509620335994, 6.1891673403397363]
[0.52740391286261001, 2.0045004500443611, 5.7615826851542806, 5.5395909805974952, 21.296574378226069, 5.5254903796640065, 18.189167340339736]
[13.52740391286261, 13.004500450044361, 5.7615826851542806, 4.4604090194025048, 11.703425621773931, 6.4745096203359935, 0.18916734033973626]
[13.52740391286261, 2.0045004500443611, 13.238417314845719, 4.4604090194025048, 3.7034256217739312, 3.4745096203359935, 6.1891673403397363]
[5.47259608713739, 2.0045004500443611, 13.238417314845719, 4.4604090194025048, 3.7034256217739312, 3.4745096203359935, 18.189167340339736]
[7.52740391286261, 2.0045004500443611, 3.2384173148457194, 14.460409019402505, 11.703425621773931, 9.4745096203359935, 11.810832659660264]
[12.47259608713739, 13.004500450044361, 3.2384173148457194, 4.4604090194025048, 4.2965743782260688, 6.4745096203359935, 17.810832659660264]
[7.52740391286261, 8.9954995499556389, 5.7615826851542806, 14.460409019402505, 4.2965743782260688, 3.4745096203359935, 0.18916734033973626]
[7.52740391286261, 8.9954995499556389, 3.2384173148457194, 4.4604090194025048, 12.296574378226069, 3.4745096203359935, 0.18916734033973626]
[13.52740391286261, 2.0045004500443611, 15.761582685154281, 14.460409019402505, 11.703425621773931, 11.525490379664006, 0.18916734033973626]
[13.52740391286261, 18.995499549955639, 5.7615826851542806, 4.4604090194025048, 3.7034256217739312, 2.5254903796640065, 0.18916734033973626]
[13.52740391286261, 8.9954995499556389, 5.7615826851542806, 5.5395909805974952, 3.7034256217739312, 0.47450962033599353, 0.18916734033973626]
[0.52740391286261001, 8.9954995499556389, 5.7615826851542806, 4.4604090194025048, 4.2965743782260688, 6.4745096203359935, 0.18916734033973626]
[0.52740391286261001, 2.0045004500443611, 5.7615826851542806, 4.4604090194025048, 4.2965743782260688, 2.5254903796640065, 23.810832659660264]
[13.52740391286261, 8.9954995499556389, 15.761582685154281, 5.5395909805974952, 21.296574378226069, 0.47450962033599353, 17.810832659660264]
[13.52740391286261, 2.0045004500443611, 5.7615826851542806, 4.4604090194025048, 3.7034256217739312, 2.5254903796640065, 5.8108326596602637]
[13.52740391286261, 18.995499549955639, 15.761582685154281, 5.5395909805974952, 3.7034256217739312, 8.5254903796640065, 6.1891673403397363]
[7.52740391286261, 29.995499549955639, 15.761582685154281, 4.4604090194025048, 19.703425621773931, 0.47450962033599353, 5.8108326596602637]
[7.52740391286261, 18.995499549955639, 15.761582685154281, 4.4604090194025048, 19.703425621773931, 8.5254903796640065, 17.810832659660264]
[13.52740391286261, 2.0045004500443611, 15.761582685154281, 14.460409019402505, 19.703425621773931, 6.4745096203359935, 6.1891673403397363]
[12.47259608713739, 2.0045004500443611, 15.761582685154281, 4.4604090194025048, 3.7034256217739312, 9.4745096203359935, 0.18916734033973626]
[7.52740391286261, 13.004500450044361, 5.7615826851542806, 4.4604090194025048, 11.703425621773931, 5.5254903796640065, 0.18916734033973626]
[13.52740391286261, 2.0045004500443611, 5.7615826851542806, 5.5395909805974952, 3.7034256217739312, 14.525490379664006, 5.8108326596602637]
[0.52740391286261001, 8.9954995499556389, 5.7615826851542806, 5.5395909805974952, 4.2965743782260688, 14.525490379664006, 6.1891673403397363]
[19.52740391286261, 8.9954995499556389, 3.2384173148457194, 14.460409019402505, 3.7034256217739312, 0.47450962033599353, 12.189167340339736]
[5.47259608713739, 13.004500450044361, 5.7615826851542806, 5.5395909805974952, 12.296574378226069, 9.4745096203359935, 6.1891673403397363]
[12.47259608713739, 2.0045004500443611, 5.7615826851542806, 5.5395909805974952, 4.2965743782260688, 3.4745096203359935, 0.18916734033973626]
[18.47259608713739, 13.004500450044361, 3.2384173148457194, 5.5395909805974952, 3.7034256217739312, 9.4745096203359935, 18.189167340339736]
[18.47259608713739, 45.004500450044361, 5.7615826851542806, 5.5395909805974952, 4.2965743782260688, 3.4745096203359935, 18.189167340339736]
[12.47259608713739, 13.004500450044361, 5.7615826851542806, 15.539590980597495, 3.7034256217739312, 3.4745096203359935, 5.8108326596602637]
[12.47259608713739, 13.004500450044361, 3.2384173148457194, 5.5395909805974952, 4.2965743782260688, 6.4745096203359935, 0.18916734033973626]
[7.52740391286261, 13.004500450044361, 3.2384173148457194, 5.5395909805974952, 12.296574378226069, 9.4745096203359935, 18.189167340339736]
[25.47259608713739, 24.004500450044361, 23.238417314845719, 5.5395909805974952, 4.2965743782260688, 14.474509620335994, 43.189167340339736]
[18.47259608713739, 13.004500450044361, 23.238417314845719, 15.539590980597495, 21.296574378226069, 46.474509620335994, 43.189167340339736]
[37.47259608713739, 35.004500450044361, 42.238417314845719, 15.539590980597495, 45.296574378226069, 55.474509620335994, 55.189167340339736]
[50.47259608713739, 56.004500450044361, 42.238417314845719, 25.539590980597495, 85.296574378226069, 75.474509620335994, 67.189167340339736]
[94.47259608713739, 88.004500450044361, 89.238417314845719, 56.539590980597495, 125.29657437822607, 112.47450962033599, 96.189167340339736]
[120.47259608713739, 141.00450045004436, 126.23841731484572, 86.539590980597495, 173.29657437822607, 192.47450962033599, 155.18916734033974]
[151.47259608713739, 235.00450045004436, 237.23841731484572, 96.539590980597495, 266.29657437822607, 319.47450962033599, 201.18916734033974]
[194.47259608713739, 368.00450045004436, 389.23841731484572, 136.5395909805975, 305.29657437822607, 595.47450962033599, 343.18916734033974]
[218.47259608713739, 556.00450045004436, 629.23841731484572, 146.5395909805975, 220.29657437822607, 951.47450962033599, 599.18916734033974]
[261.47259608713739, 764.00450045004436, 919.23841731484572, 156.5395909805975, 133.29657437822607, 712.47450962033599, 1243.1891673403397]
[267.47259608713739, 773.00450045004436, 981.23841731484572, 225.5395909805975, 93.296574378226069, 386.47450962033599, 1487.1891673403397]
[279.47259608713739, 745.00450045004436, 919.23841731484572, 215.5395909805975, 61.296574378226069, 259.47450962033599, 895.18916734033974]
[285.47259608713739, 604.00450045004436, 678.23841731484572, 215.5395909805975, 61.296574378226069, 178.47450962033599, 583.18916734033974]
[255.47259608713739, 448.00450045004436, 459.23841731484572, 186.5395909805975, 45.296574378226069, 140.47450962033599, 425.18916734033974]
[200.47259608713739, 348.00450045004436, 309.23841731484572, 146.5395909805975, 37.296574378226069, 129.47450962033599, 326.18916734033974]
[188.47259608713739, 266.00450045004436, 228.23841731484572, 116.5395909805975, 37.296574378226069, 117.47450962033599, 259.18916734033974]
[157.47259608713739, 204.00450045004436, 173.23841731484572, 76.539590980597495, 37.296574378226069, 101.47450962033599, 224.18916734033974]
[126.47259608713739, 152.00450045004436, 135.23841731484572, 66.539590980597495, 21.296574378226069, 81.474509620335994, 173.18916734033974]
[107.47259608713739, 120.00450045004436, 98.238417314845719, 76.539590980597495, 45.296574378226069, 69.474509620335994, 149.18916734033974]
[82.47259608713739, 78.004500450044361, 89.238417314845719, 46.539590980597495, 37.296574378226069, 66.474509620335994, 120.18916734033974]
[63.47259608713739, 67.004500450044361, 60.238417314845719, 46.539590980597495, 4.2965743782260688, 52.474509620335994, 96.189167340339736]
[50.47259608713739, 56.004500450044361, 42.238417314845719, 36.539590980597495, 21.296574378226069, 32.474509620335994, 67.189167340339736]
[37.47259608713739, 45.004500450044361, 42.238417314845719, 25.539590980597495, 3.7034256217739312, 26.474509620335994, 67.189167340339736]
[0.52740391286261001, 35.004500450044361, 23.238417314845719, 25.539590980597495, 3.7034256217739312, 23.474509620335994, 25.189167340339736]
[12.47259608713739, 13.004500450044361, 13.238417314845719, 5.5395909805974952, 4.2965743782260688, 17.474509620335994, 18.189167340339736]
[0.52740391286261001, 13.004500450044361, 5.7615826851542806, 5.5395909805974952, 4.2965743782260688, 11.474509620335994, 37.189167340339736]
[19.52740391286261, 13.004500450044361, 3.2384173148457194, 5.5395909805974952, 3.7034256217739312, 2.5254903796640065, 6.1891673403397363]
[13.52740391286261, 8.9954995499556389, 5.7615826851542806, 4.4604090194025048, 19.703425621773931, 0.47450962033599353, 25.189167340339736]
[13.52740391286261, 8.9954995499556389, 5.7615826851542806, 25.460409019402505, 19.703425621773931, 8.5254903796640065, 5.8108326596602637]
[13.52740391286261, 18.995499549955639, 5.7615826851542806, 4.4604090194025048, 19.703425621773931, 2.5254903796640065, 0.18916734033973626]
[19.52740391286261, 8.9954995499556389, 3.2384173148457194, 14.460409019402505, 3.7034256217739312, 9.4745096203359935, 11.810832659660264]
[13.52740391286261, 2.0045004500443611, 5.7615826851542806, 4.4604090194025048, 4.2965743782260688, 3.4745096203359935, 11.810832659660264]
[13.52740391286261, 2.0045004500443611, 24.761582685154281, 4.4604090194025048, 3.7034256217739312, 3.4745096203359935, 11.810832659660264]
[19.52740391286261, 18.995499549955639, 15.761582685154281, 14.460409019402505, 11.703425621773931, 11.525490379664006, 6.1891673403397363]
[7.52740391286261, 18.995499549955639, 24.761582685154281, 14.460409019402505, 11.703425621773931, 5.5254903796640065, 17.810832659660264]
