[23.778859527121313, 6.3984494726410048, 11.181102362204911, 7.4882744137194095, 4.0256992870017712, 3.2942555685813204, 14.809199433466347]
[17.778859527121313, 6.3984494726410048, 7.8188976377950894, 7.4882744137194095, 4.0256992870017712, 2.7057444314186796, 20.809199433466347]
[10.778859527121313, 6.3984494726410048, 7.8188976377950894, 17.488274413719409, 20.025699287001771, 3.2942555685813204, 8.8091994334663468]
[10.778859527121313, 17.398449472641005, 16.818897637795089, 7.4882744137194095, 4.0256992870017712, 2.7057444314186796, 8.8091994334663468]
[43.778859527121313, 17.398449472641005, 16.818897637795089, 2.5117255862805905, 4.0256992870017712, 12.29425556858132, 20.809199433466347]
[10.778859527121313, 39.398449472641005, 45.818897637795089, 7.4882744137194095, 12.025699287001771, 26.29425556858132, 20.809199433466347]
[30.778859527121313, 17.398449472641005, 7.8188976377950894, 7.4882744137194095, 37.025699287001771, 12.29425556858132, 14.809199433466347]
[17.778859527121313, 6.3984494726410048, 7.8188976377950894, 7.4882744137194095, 12.025699287001771, 12.29425556858132, 33.809199433466347]
[17.778859527121313, 17.398449472641005, 7.8188976377950894, 7.4882744137194095, 12.025699287001771, 6.2942555685813204, 20.809199433466347]
[4.7788595271213126, 28.398449472641005, 16.818897637795089, 7.4882744137194095, 12.025699287001771, 26.29425556858132, 33.809199433466347]
[36.778859527121313, 17.398449472641005, 16.818897637795089, 17.488274413719409, 12.025699287001771, 23.29425556858132, 20.809199433466347]
[30.778859527121313, 28.398449472641005, 36.818897637795089, 7.4882744137194095, 12.025699287001771, 15.29425556858132, 26.809199433466347]
[30.778859527121313, 17.398449472641005, 16.818897637795089, 17.488274413719409, 28.025699287001771, 18.29425556858132, 26.809199433466347]
[23.778859527121313, 17.398449472641005, 26.818897637795089, 7.4882744137194095, 20.025699287001771, 18.29425556858132, 20.809199433466347]
[23.778859527121313, 17.398449472641005, 26.818897637795089, 27.488274413719409, 28.025699287001771, 26.29425556858132, 20.809199433466347]
[30.778859527121313, 17.398449472641005, 26.818897637795089, 27.488274413719409, 20.025699287001771, 26.29425556858132, 8.8091994334663468]
[30.778859527121313, 17.398449472641005, 16.818897637795089, 17.488274413719409, 20.025699287001771, 9.2942555685813204, 33.809199433466347]
[49.778859527121313, 28.398449472641005, 36.818897637795089, 27.488274413719409, 12.025699287001771, 41.29425556858132, 39.809199433466347]
[17.778859527121313, 28.398449472641005, 55.818897637795089, 7.4882744137194095, 20.025699287001771, 20.29425556858132, 33.809199433466347]
[30.778859527121313, 17.398449472641005, 26.818897637795089, 27.488274413719409, 37.025699287001771, 29.29425556858132, 26.809199433466347]
[36.778859527121313, 17.398449472641005, 16.818897637795089, 37.488274413719409, 20.025699287001771, 18.29425556858132, 20.809199433466347]
[36.778859527121313, 28.398449472641005, 7.8188976377950894, 17.488274413719409, 20.025699287001771, 18.29425556858132, 20.809199433466347]
[30.778859527121313, 28.398449472641005, 16.818897637795089, 17.488274413719409, 20.025699287001771, 32.29425556858132, 26.809199433466347]
[36.778859527121313, 28.398449472641005, 16.818897637795089, 27.488274413719409, 28.025699287001771, 26.29425556858132, 45.809199433466347]
[36.778859527121313, 28.398449472641005, 26.818897637795089, 27.488274413719409, 20.025699287001771, 23.29425556858132, 39.809199433466347]
[49.778859527121313, 28.398449472641005, 36.818897637795089, 27.488274413719409, 37.025699287001771, 41.29425556858132, 51.809199433466347]
[49.778859527121313, 39.398449472641005, 26.818897637795089, 37.488274413719409, 45.025699287001771, 52.29425556858132, 39.809199433466347]
[55.778859527121313, 39.398449472641005, 26.818897637795089, 27.488274413719409, 45.025699287001771, 55.29425556858132, 63.809199433466347]
[81.778859527121313, 50.398449472641005, 45.818897637795089, 37.488274413719409, 69.025699287001771, 70.29425556858132, 57.809199433466347]
[87.778859527121313, 71.398449472641005, 64.818897637795089, 37.488274413719409, 85.025699287001771, 70.29425556858132, 81.809199433466347]
[131.77885952712131, 82.398449472641005, 64.818897637795089, 68.488274413719409, 93.025699287001771, 98.29425556858132, 86.809199433466347]
[119.77885952712131, 103.398449472641, 121.81889763779509, 68.488274413719409, 141.02569928700177, 107.29425556858132, 98.809199433466347]
[150.77885952712131, 156.398449472641, 121.81889763779509, 88.488274413719409, 236.02569928700177, 168.29425556858132, 146.80919943346635]
[175.77885952712131, 219.398449472641, 176.81889763779509, 108.48827441371941, 298.02569928700177, 228.29425556858132, 157.80919943346635]
[242.77885952712131, 302.398449472641, 268.81889763779509, 108.48827441371941, 441.02569928700177, 323.29425556858132, 204.80919943346635]
[248.77885952712131, 443.398449472641, 366.81889763779509, 138.48827441371941, 579.02569928700177, 476.29425556858132, 250.80919943346635]
[273.77885952712131, 590.398449472641, 540.81889763779509, 158.48827441371941, 608.02569928700177, 734.29425556858132, 312.80919943346635]
[285.77885952712131, 714.398449472641, 716.81889763779509, 188.48827441371941, 448.02569928700177, 1178.2942555685813, 438.80919943346635]
[315.77885952712131, 807.398449472641, 845.81889763779509, 188.48827441371941, 290.02569928700177, 1378.2942555685813, 688.80919943346635]
[309.77885952712131, 871.398449472641, 986.81889763779509, 178.48827441371941, 197.02569928700177, 936.29425556858132, 1108.8091994334663]
[320.77885952712131, 871.398449472641, 932.81889763779509, 198.48827441371941, 133.02569928700177, 583.29425556858132, 1424.8091994334663]
[338.77885952712131, 788.398449472641, 805.81889763779509, 198.48827441371941, 125.02569928700177, 392.29425556858132, 1091.8091994334663]
[326.77885952712131, 685.398449472641, 642.81889763779509, 198.48827441371941, 101.02569928700177, 300.29425556858132, 768.80919943346635]
[344.77885952712131, 542.398449472641, 489.81889763779509, 198.48827441371941, 77.025699287001771, 244.29425556858132, 571.80919943346635]
[297.77885952712131, 413.398449472641, 393.81889763779509, 168.48827441371941, 101.02569928700177, 193.29425556858132, 454.80919943346635]
[248.77885952712131, 332.398449472641, 286.81889763779509, 148.48827441371941, 101.02569928700177, 174.29425556858132, 373.80919943346635]
[200.77885952712131, 261.398449472641, 231.81889763779509, 138.48827441371941, 77.025699287001771, 171.29425556858132, 306.80919943346635]
[150.77885952712131, 167.398449472641, 130.81889763779509, 88.488274413719409, 85.025699287001771, 135.29425556858132, 186.80919943346635]
[138.77885952712131, 146.398449472641, 121.81889763779509, 88.488274413719409, 77.025699287001771, 129.29425556858132, 134.80919943346635]
[119.77885952712131, 103.398449472641, 102.81889763779509, 78.488274413719409, 77.025699287001771, 98.29425556858132, 122.80919943346635]
[87.778859527121313, 82.398449472641005, 64.818897637795089, 68.488274413719409, 77.025699287001771, 73.29425556858132, 104.80919943346635]
[75.778859527121313, 71.398449472641005, 64.818897637795089, 68.488274413719409, 53.025699287001771, 70.29425556858132, 81.809199433466347]
[55.778859527121313, 60.398449472641005, 45.818897637795089, 48.488274413719409, 53.025699287001771, 50.29425556858132, 57.809199433466347]
[68.778859527121313, 60.398449472641005, 55.818897637795089, 48.488274413719409, 53.025699287001771, 44.29425556858132, 39.809199433466347]
[75.778859527121313, 39.398449472641005, 36.818897637795089, 37.488274413719409, 20.025699287001771, 32.29425556858132, 39.809199433466347]
[36.778859527121313, 39.398449472641005, 55.818897637795089, 48.488274413719409, 28.025699287001771, 29.29425556858132, 33.809199433466347]
[55.778859527121313, 39.398449472641005, 16.818897637795089, 27.488274413719409, 61.025699287001771, 26.29425556858132, 39.809199433466347]
[55.778859527121313, 39.398449472641005, 36.818897637795089, 27.488274413719409, 28.025699287001771, 26.29425556858132, 51.809199433466347]
[30.778859527121313, 28.398449472641005, 26.818897637795089, 27.488274413719409, 28.025699287001771, 20.29425556858132, 33.809199433466347]
[36.778859527121313, 39.398449472641005, 16.818897637795089, 37.488274413719409, 28.025699287001771, 32.29425556858132, 39.809199433466347]
[30.778859527121313, 28.398449472641005, 36.818897637795089, 27.488274413719409, 37.025699287001771, 35.29425556858132, 26.809199433466347]
[36.778859527121313, 39.398449472641005, 26.818897637795089, 17.488274413719409, 28.025699287001771, 32.29425556858132, 33.809199433466347]
[55.778859527121313, 28.398449472641005, 26.818897637795089, 37.488274413719409, 37.025699287001771, 29.29425556858132, 45.809199433466347]
[36.778859527121313, 28.398449472641005, 26.818897637795089, 17.488274413719409, 20.025699287001771, 23.29425556858132, 26.809199433466347]
[23.778859527121313, 28.398449472641005, 26.818897637795089, 27.488274413719409, 37.025699287001771, 29.29425556858132, 39.809199433466347]
[23.778859527121313, 39.398449472641005, 45.818897637795089, 27.488274413719409, 37.025699287001771, 32.29425556858132, 20.809199433466347]
