[4.5517241379311599, 13.582945180938623, 17.7506517534257, 11.808244195148291, 5.4991828157835698, 0.052167864595503488, 8.6082625843964706]
[4.5517241379311599, 13.582945180938623, 17.7506517534257, 1.8082441951482906, 2.5008171842164302, 7.9478321354044965, 8.6082625843964706]
[14.44827586206884, 13.582945180938623, 17.7506517534257, 11.808244195148291, 5.4991828157835698, 2.9478321354044965, 8.6082625843964706]
[14.44827586206884, 3.5829451809386228, 7.7506517534257, 8.1917558048517094, 5.4991828157835698, 3.0521678645955035, 20.391737415603529]
[11.55172413793116, 7.4170548190613772, 17.7506517534257, 8.1917558048517094, 2.5008171842164302, 7.9478321354044965, 20.608262584396471]
[8.4482758620688401, 7.4170548190613772, 7.7506517534257, 11.808244195148291, 13.49918281578357, 0.052167864595503488, 26.608262584396471]
[14.44827586206884, 3.5829451809386228, 17.7506517534257, 22.808244195148291, 10.50081718421643, 10.947832135404497, 14.608262584396471]
[8.4482758620688401, 13.582945180938623, 17.7506517534257, 1.8082441951482906, 13.49918281578357, 2.9478321354044965, 14.608262584396471]
[20.44827586206884, 13.582945180938623, 7.7506517534257, 11.808244195148291, 5.4991828157835698, 2.9478321354044965, 14.608262584396471]
[11.55172413793116, 13.582945180938623, 7.7506517534257, 8.1917558048517094, 5.4991828157835698, 5.9478321354044965, 20.608262584396471]
[14.44827586206884, 13.582945180938623, 7.7506517534257, 1.8082441951482906, 5.4991828157835698, 7.9478321354044965, 8.6082625843964706]
[8.4482758620688401, 3.5829451809386228, 7.7506517534257, 1.8082441951482906, 2.5008171842164302, 13.947832135404497, 9.3917374156035294]
[1.4482758620688401, 3.5829451809386228, 1.2493482465743, 11.808244195148291, 2.5008171842164302, 17.052167864595503, 2.6082625843964706]
[1.4482758620688401, 7.4170548190613772, 7.7506517534257, 1.8082441951482906, 13.49918281578357, 9.0521678645955035, 14.608262584396471]
[11.55172413793116, 7.4170548190613772, 17.7506517534257, 22.808244195148291, 10.50081718421643, 9.0521678645955035, 3.3917374156035294]
[11.55172413793116, 7.4170548190613772, 7.7506517534257, 11.808244195148291, 2.5008171842164302, 9.0521678645955035, 3.3917374156035294]
[8.4482758620688401, 3.5829451809386228, 1.2493482465743, 1.8082441951482906, 5.4991828157835698, 16.947832135404497, 2.6082625843964706]
[17.55172413793116, 3.5829451809386228, 7.7506517534257, 1.8082441951482906, 2.5008171842164302, 2.9478321354044965, 2.6082625843964706]
[17.55172413793116, 7.4170548190613772, 1.2493482465743, 1.8082441951482906, 5.4991828157835698, 0.052167864595503488, 3.3917374156035294]
[1.4482758620688401, 3.5829451809386228, 1.2493482465743, 1.8082441951482906, 5.4991828157835698, 2.9478321354044965, 9.3917374156035294]
[1.4482758620688401, 7.4170548190613772, 7.7506517534257, 11.808244195148291, 5.4991828157835698, 2.9478321354044965, 8.6082625843964706]
[17.55172413793116, 7.4170548190613772, 10.2493482465743, 1.8082441951482906, 5.4991828157835698, 15.052167864595503, 8.6082625843964706]
[17.55172413793116, 18.417054819061377, 10.2493482465743, 8.1917558048517094, 2.5008171842164302, 6.0521678645955035, 20.391737415603529]
[30.55172413793116, 18.417054819061377, 10.2493482465743, 8.1917558048517094, 18.50081718421643, 15.052167864595503, 3.3917374156035294]
[23.55172413793116, 18.417054819061377, 10.2493482465743, 28.191755804851709, 18.50081718421643, 12.052167864595503, 38.391737415603529]
[42.55172413793116, 7.4170548190613772, 1.2493482465743, 8.1917558048517094, 18.50081718421643, 20.052167864595503, 15.391737415603529]
[36.55172413793116, 29.417054819061377, 20.2493482465743, 18.191755804851709, 18.50081718421643, 26.052167864595503, 26.391737415603529]
[48.55172413793116, 39.417054819061377, 20.2493482465743, 8.1917558048517094, 42.50081718421643, 52.052167864595503, 44.391737415603529]
[92.55172413793116, 61.417054819061377, 29.2493482465743, 18.191755804851709, 82.50081718421643, 63.052167864595503, 50.391737415603529]
[148.55172413793116, 124.41705481906138, 67.2493482465743, 48.191755804851709, 161.50081718421643, 127.0521678645955, 91.391737415603529]
[227.55172413793116, 228.41705481906138, 104.2493482465743, 48.191755804851709, 269.50081718421643, 200.0521678645955, 126.39173741560353]
[351.55172413793116, 399.41705481906138, 150.2493482465743, 58.191755804851709, 463.50081718421643, 332.0521678645955, 166.39173741560353]
[470.55172413793116, 696.41705481906138, 187.2493482465743, 68.191755804851709, 577.50081718421643, 592.0521678645955, 229.39173741560353]
[521.55172413793116, 1105.4170548190614, 214.2493482465743, 68.191755804851709, 389.50081718421643, 1104.0521678645955, 340.39173741560353]
[532.55172413793116, 1223.4170548190614, 241.2493482465743, 88.191755804851709, 254.50081718421643, 1132.0521678645955, 520.39173741560353]
[504.55172413793116, 1046.4170548190614, 268.2493482465743, 78.191755804851709, 177.50081718421643, 676.0521678645955, 632.39173741560353]
[402.55172413793116, 706.41705481906138, 250.2493482465743, 78.191755804851709, 138.50081718421643, 452.0521678645955, 531.39173741560353]
[345.55172413793116, 478.41705481906138, 223.2493482465743, 88.191755804851709, 114.50081718421643, 314.0521678645955, 394.39173741560353]
[262.55172413793116, 329.41705481906138, 196.2493482465743, 78.191755804851709, 106.50081718421643, 242.0521678645955, 285.39173741560353]
[184.55172413793116, 238.41705481906138, 141.2493482465743, 58.191755804851709, 98.50081718421643, 175.0521678645955, 218.39173741560353]
[142.55172413793116, 166.41705481906138, 113.2493482465743, 78.191755804851709, 66.50081718421643, 132.0521678645955, 143.39173741560353]
[111.55172413793116, 113.41705481906138, 85.2493482465743, 68.191755804851709, 58.50081718421643, 105.0521678645955, 115.39173741560353]
[86.55172413793116, 82.417054819061377, 58.2493482465743, 38.191755804851709, 58.50081718421643, 85.052167864595503, 74.391737415603529]
[80.55172413793116, 50.417054819061377, 48.2493482465743, 38.191755804851709, 50.50081718421643, 54.052167864595503, 50.391737415603529]
[42.55172413793116, 39.417054819061377, 29.2493482465743, 18.191755804851709, 34.50081718421643, 46.052167864595503, 20.391737415603529]
[23.55172413793116, 18.417054819061377, 10.2493482465743, 8.1917558048517094, 42.50081718421643, 23.052167864595503, 20.391737415603529]
[23.55172413793116, 18.417054819061377, 1.2493482465743, 1.8082441951482906, 18.50081718421643, 12.052167864595503, 15.391737415603529]
[4.5517241379311599, 18.417054819061377, 1.2493482465743, 18.191755804851709, 2.5008171842164302, 9.0521678645955035, 20.391737415603529]
[4.5517241379311599, 7.4170548190613772, 10.2493482465743, 1.8082441951482906, 2.5008171842164302, 3.0521678645955035, 15.391737415603529]
[1.4482758620688401, 18.417054819061377, 1.2493482465743, 1.8082441951482906, 5.4991828157835698, 15.052167864595503, 8.6082625843964706]
[8.4482758620688401, 7.4170548190613772, 7.7506517534257, 8.1917558048517094, 2.5008171842164302, 9.0521678645955035, 3.3917374156035294]
[4.5517241379311599, 7.4170548190613772, 7.7506517534257, 11.808244195148291, 5.4991828157835698, 0.052167864595503488, 20.608262584396471]
[4.5517241379311599, 7.4170548190613772, 1.2493482465743, 18.191755804851709, 2.5008171842164302, 0.052167864595503488, 3.3917374156035294]
[11.55172413793116, 7.4170548190613772, 10.2493482465743, 18.191755804851709, 2.5008171842164302, 15.052167864595503, 3.3917374156035294]
[1.4482758620688401, 7.4170548190613772, 10.2493482465743, 18.191755804851709, 10.50081718421643, 2.9478321354044965, 8.6082625843964706]
[11.55172413793116, 18.417054819061377, 10.2493482465743, 28.191755804851709, 26.50081718421643, 17.052167864595503, 15.391737415603529]
[11.55172413793116, 7.4170548190613772, 1.2493482465743, 8.1917558048517094, 10.50081718421643, 20.052167864595503, 8.6082625843964706]
[11.55172413793116, 18.417054819061377, 10.2493482465743, 8.1917558048517094, 10.50081718421643, 17.052167864595503, 15.391737415603529]
