[-0.008970059700738386, 0.013398118933438341, 0.03254141771852251]
[-0.018470173937501944, 0.009668062638018005, 0.0780136399407447]
[-0.07742973939777709, 0.008316030020651621, 0.12327752882963361]
[-0.20297554155059183, -0.00030666092548126134, 0.16262858771208333]
[-0.25553481646757703, -0.009995890156893728, 0.1980313654898611]
[-0.3006845107414455, -0.024205668367979216, 0.21638674420280662]
[-0.32985698314194617, -0.038220466852639357, 0.21992841086947326]
[-0.5442975840857196, -0.05289958753242796, 0.20630341086947326]
[-0.605428379705266, -0.06958685623312377, 0.18076174420280663]
[-0.6228157236140475, -0.08423136303728429, 0.1482895219805844]
[-0.6526091235434739, -0.08332123390649182, 0.10606729975836215]
[-0.6863255493928793, -0.0811711877726633, 0.06922605888244976]
[-0.7120472246989537, -0.08136119764364091, 0.03686576476480267]
