[0.04297676749327084, -0.014786119812777943, 0.027142365649769636]
[-0.110576321165893, -0.03814222910630968, 0.0649479212053252]
[-0.19150031475559837, -0.056984069901634016, 0.10201276973344212]
[-0.2250401181159486, -0.06067350896029988, 0.13545721417788653]
[-0.2740171092627442, -0.05974606043433997, 0.15584610306677546]
[-0.3005488183715673, -0.05977653791731882, 0.16381980071108054]
[-0.33589060279998606, -0.0600953713687466, 0.1560420229333028]
[-0.5168494967092346, -0.05862614545230632, 0.13291702293330276]
[-0.5595177762762755, -0.047179208974752834, 0.10077813404441388]
[-0.583286168983451, -0.024549630594911886, 0.06491702293330276]
[-0.5994580329134231, 0.006699471092587839, 0.03384757848885832]
[-0.6263273723874966, 0.1161591295674026, 0.01155095963922801]
