[0.1280489559404584, 0.010055070391644105, 0.0157847746203131]
[0.12796377969438533, -0.0005253159859294199, 0.04990360991284108]
[0.07504939086415463, -0.005508533372732494, 0.09130638769061887]
[-0.09646676010628352, -0.003619777926146761, 0.12655638769061883]
[-0.12431288046552058, 0.000631429838012787, 0.15217727746992302]
[-0.20667012858818173, 0.01826625404926796, 0.16228346767504806]
[-0.23278789782339715, 0.036635621510626604, 0.1449779121194925]
[-0.426053683621919, 0.06518382445706938, 0.11296402323060362]
[-0.47782166412047966, 0.09682468275557177, 0.07574180100838143]
[-0.4986510434431883, 0.13708671958982332, 0.038811245452825875]
[-0.5138688367949236, 0.14851600208636617, 0.01676834420919076]
