[1.8270008084073197, 1.0897584642971196, 2.3311537650279206, 16.530932326459151, 14.77775757024574, 5.3565235779233262, 31.569990850870454]
[36.82700080840732, 1.0897584642971196, 2.3311537650279206, 16.530932326459151, 3.7777575702457398, 5.3565235779233262, 20.569990850870454]
[10.82700080840732, 1.0897584642971196, 12.668846234972079, 8.4690676735408488, 3.7777575702457398, 1.6434764220766738, 20.569990850870454]
[1.8270008084073197, 1.0897584642971196, 2.3311537650279206, 3.5309323264591512, 40.22224242975426, 7.6434764220766738, 2.4300091491295461]
[7.1729991915926803, 13.91024153570288, 2.3311537650279206, 16.530932326459151, 18.22224242975426, 7.6434764220766738, 8.5699908508704539]
[1.8270008084073197, 1.0897584642971196, 2.3311537650279206, 3.5309323264591512, 7.2222424297542602, 1.6434764220766738, 13.430009149129546]
[7.1729991915926803, 1.0897584642971196, 2.3311537650279206, 3.5309323264591512, 7.2222424297542602, 7.6434764220766738, 13.430009149129546]
[24.17299919159268, 1.0897584642971196, 12.668846234972079, 3.5309323264591512, 7.2222424297542602, 1.6434764220766738, 8.5699908508704539]
[1.8270008084073197, 1.0897584642971196, 12.668846234972079, 8.4690676735408488, 14.77775757024574, 1.6434764220766738, 20.569990850870454]
[1.8270008084073197, 1.0897584642971196, 2.3311537650279206, 8.4690676735408488, 7.2222424297542602, 5.3565235779233262, 8.5699908508704539]
[1.8270008084073197, 13.91024153570288, 12.668846234972079, 3.5309323264591512, 7.2222424297542602, 5.3565235779233262, 8.5699908508704539]
[7.1729991915926803, 1.0897584642971196, 2.3311537650279206, 3.5309323264591512, 18.22224242975426, 5.3565235779233262, 31.569990850870454]
[1.8270008084073197, 1.0897584642971196, 2.3311537650279206, 8.4690676735408488, 18.22224242975426, 12.356523577923326, 24.430009149129546]
[1.8270008084073197, 13.91024153570288, 17.331153765027921, 16.530932326459151, 7.2222424297542602, 12.356523577923326, 8.5699908508704539]
[27.82700080840732, 1.0897584642971196, 12.668846234972079, 3.5309323264591512, 7.2222424297542602, 1.6434764220766738, 2.4300091491295461]
[10.82700080840732, 13.91024153570288, 42.668846234972079, 3.5309323264591512, 3.7777575702457398, 1.6434764220766738, 8.5699908508704539]
[27.82700080840732, 13.91024153570288, 12.668846234972079, 21.469067673540849, 29.22224242975426, 12.356523577923326, 2.4300091491295461]
[19.82700080840732, 13.91024153570288, 2.3311537650279206, 28.530932326459151, 18.22224242975426, 5.3565235779233262, 47.430009149129546]
[10.82700080840732, 13.91024153570288, 12.668846234972079, 3.5309323264591512, 18.22224242975426, 18.356523577923326, 20.569990850870454]
[10.82700080840732, 13.91024153570288, 2.3311537650279206, 3.5309323264591512, 18.22224242975426, 5.3565235779233262, 2.4300091491295461]
[1.8270008084073197, 1.0897584642971196, 12.668846234972079, 41.530932326459151, 29.22224242975426, 18.356523577923326, 2.4300091491295461]
[19.82700080840732, 13.91024153570288, 12.668846234972079, 28.530932326459151, 29.22224242975426, 25.356523577923326, 13.430009149129546]
[10.82700080840732, 13.91024153570288, 27.668846234972079, 3.5309323264591512, 40.22224242975426, 25.356523577923326, 24.430009149129546]
[19.82700080840732, 43.91024153570288, 12.668846234972079, 16.530932326459151, 29.22224242975426, 25.356523577923326, 24.430009149129546]
[19.82700080840732, 28.91024153570288, 27.668846234972079, 28.530932326459151, 40.22224242975426, 32.356523577923326, 47.430009149129546]
[45.82700080840732, 28.91024153570288, 27.668846234972079, 41.530932326459151, 40.22224242975426, 38.356523577923326, 47.430009149129546]
[36.82700080840732, 58.91024153570288, 57.668846234972079, 53.530932326459151, 51.22224242975426, 58.356523577923326, 69.430009149129546]
[88.82700080840732, 87.91024153570288, 86.668846234972079, 65.530932326459151, 84.22224242975426, 104.35652357792333, 102.43000914912955]
[79.82700080840732, 87.91024153570288, 130.66884623497208, 103.53093232645915, 94.22224242975426, 161.35652357792333, 135.43000914912955]
[79.82700080840732, 131.91024153570288, 188.66884623497208, 127.53093232645915, 148.22224242975426, 212.35652357792333, 210.43000914912955]
[105.82700080840732, 160.91024153570288, 274.66884623497208, 188.53093232645915, 148.22224242975426, 342.35652357792333, 285.43000914912955]
[105.82700080840732, 203.91024153570288, 428.66884623497208, 248.53093232645915, 181.22224242975426, 497.35652357792333, 380.43000914912955]
[79.82700080840732, 218.91024153570288, 632.66884623497208, 308.53093232645915, 191.22224242975426, 629.35652357792333, 493.43000914912955]
[113.82700080840732, 246.91024153570288, 828.66884623497208, 355.53093232645915, 191.22224242975426, 756.35652357792333, 593.43000914912955]
[105.82700080840732, 246.91024153570288, 1055.6688462349721, 402.53093232645915, 202.22224242975426, 869.35652357792333, 682.43000914912955]
[113.82700080840732, 261.91024153570288, 1308.6688462349721, 437.53093232645915, 213.22224242975426, 973.35652357792333, 721.43000914912955]
[113.82700080840732, 289.91024153570288, 1493.6688462349721, 460.53093232645915, 213.22224242975426, 1073.3565235779233, 750.43000914912955]
[96.82700080840732, 289.91024153570288, 1583.6688462349721, 460.53093232645915, 213.22224242975426, 1103.3565235779233, 740.43000914912955]
[96.82700080840732, 289.91024153570288, 1583.6688462349721, 437.53093232645915, 202.22224242975426, 1088.3565235779233, 740.43000914912955]
[130.82700080840732, 261.91024153570288, 1332.6688462349721, 448.53093232645915, 202.22224242975426, 967.35652357792333, 692.43000914912955]
[147.82700080840732, 261.91024153570288, 943.66884623497208, 425.53093232645915, 202.22224242975426, 805.35652357792333, 633.43000914912955]
[122.82700080840732, 232.91024153570288, 672.66884623497208, 367.53093232645915, 181.22224242975426, 555.35652357792333, 503.43000914912955]
[88.82700080840732, 189.91024153570288, 400.66884623497208, 272.53093232645915, 170.22224242975426, 373.35652357792333, 380.43000914912955]
[96.82700080840732, 145.91024153570288, 231.66884623497208, 200.53093232645915, 94.22224242975426, 225.35652357792333, 232.43000914912955]
[96.82700080840732, 116.91024153570288, 144.66884623497208, 127.53093232645915, 62.22224242975426, 149.35652357792333, 178.43000914912955]
[62.82700080840732, 102.91024153570288, 101.66884623497208, 90.530932326459151, 62.22224242975426, 97.356523577923326, 113.43000914912955]
[71.82700080840732, 72.91024153570288, 42.668846234972079, 53.530932326459151, 40.22224242975426, 51.356523577923326, 58.430009149129546]
[53.82700080840732, 28.91024153570288, 42.668846234972079, 41.530932326459151, 51.22224242975426, 45.356523577923326, 47.430009149129546]
[27.82700080840732, 28.91024153570288, 12.668846234972079, 28.530932326459151, 29.22224242975426, 18.356523577923326, 13.430009149129546]
[19.82700080840732, 1.0897584642971196, 12.668846234972079, 16.530932326459151, 18.22224242975426, 12.356523577923326, 35.430009149129546]
[19.82700080840732, 13.91024153570288, 12.668846234972079, 3.5309323264591512, 3.7777575702457398, 5.3565235779233262, 13.430009149129546]
[10.82700080840732, 13.91024153570288, 12.668846234972079, 3.5309323264591512, 18.22224242975426, 12.356523577923326, 24.430009149129546]
[1.8270008084073197, 13.91024153570288, 12.668846234972079, 16.530932326459151, 7.2222424297542602, 18.356523577923326, 2.4300091491295461]
[19.82700080840732, 13.91024153570288, 2.3311537650279206, 8.4690676735408488, 18.22224242975426, 1.6434764220766738, 20.569990850870454]
[1.8270008084073197, 28.91024153570288, 42.668846234972079, 3.5309323264591512, 3.7777575702457398, 12.356523577923326, 2.4300091491295461]
[7.1729991915926803, 13.91024153570288, 2.3311537650279206, 16.530932326459151, 62.22224242975426, 18.356523577923326, 8.5699908508704539]
[15.17299919159268, 13.91024153570288, 2.3311537650279206, 3.5309323264591512, 18.22224242975426, 18.356523577923326, 20.569990850870454]
[7.1729991915926803, 1.0897584642971196, 12.668846234972079, 3.5309323264591512, 3.7777575702457398, 5.3565235779233262, 8.5699908508704539]
[1.8270008084073197, 1.0897584642971196, 2.3311537650279206, 3.5309323264591512, 3.7777575702457398, 5.3565235779233262, 20.569990850870454]
