[3.7360774818407663, 3.4454976303313742, 13.491939732377432, 2.9495262038290093, 7.1605050413309073, 3.4140987758546544, 3.1645187825615722]
[12.736077481840766, 3.4454976303313742, 16.508060267622568, 14.949526203829009, 14.839494958669093, 9.5859012241453456, 14.164518782561572]
[3.7360774818407663, 18.445497630331374, 1.5080602676225681, 22.050473796170991, 3.8394949586690927, 2.5859012241453456, 18.835481217438428]
[29.736077481840766, 11.554502369668626, 13.491939732377432, 2.9495262038290093, 3.8394949586690927, 3.4140987758546544, 14.164518782561572]
[5.2639225181592337, 3.4454976303313742, 13.491939732377432, 22.050473796170991, 3.8394949586690927, 2.5859012241453456, 3.1645187825615722]
[5.2639225181592337, 3.4454976303313742, 13.491939732377432, 10.050473796170991, 25.839494958669093, 9.5859012241453456, 7.8354812174384278]
[13.263922518159234, 18.445497630331374, 13.491939732377432, 10.050473796170991, 14.839494958669093, 9.5859012241453456, 3.1645187825615722]
[12.736077481840766, 3.4454976303313742, 1.5080602676225681, 2.9495262038290093, 3.8394949586690927, 9.5859012241453456, 25.164518782561572]
[3.7360774818407663, 18.445497630331374, 13.491939732377432, 10.050473796170991, 7.1605050413309073, 22.585901224145346, 3.1645187825615722]
[3.7360774818407663, 18.445497630331374, 13.491939732377432, 10.050473796170991, 3.8394949586690927, 9.5859012241453456, 3.1645187825615722]
[13.263922518159234, 3.4454976303313742, 1.5080602676225681, 10.050473796170991, 3.8394949586690927, 2.5859012241453456, 3.1645187825615722]
[31.263922518159234, 11.554502369668626, 16.508060267622568, 22.050473796170991, 3.8394949586690927, 2.5859012241453456, 18.835481217438428]
[12.736077481840766, 3.4454976303313742, 31.508060267622568, 10.050473796170991, 18.160505041330907, 2.5859012241453456, 7.8354812174384278]
[13.263922518159234, 3.4454976303313742, 13.491939732377432, 10.050473796170991, 40.160505041330907, 9.5859012241453456, 7.8354812174384278]
[3.7360774818407663, 18.445497630331374, 1.5080602676225681, 2.9495262038290093, 7.1605050413309073, 9.5859012241453456, 18.835481217438428]
[3.7360774818407663, 3.4454976303313742, 1.5080602676225681, 14.949526203829009, 7.1605050413309073, 22.585901224145346, 18.835481217438428]
[3.7360774818407663, 11.554502369668626, 1.5080602676225681, 14.949526203829009, 7.1605050413309073, 9.5859012241453456, 7.8354812174384278]
[3.7360774818407663, 3.4454976303313742, 1.5080602676225681, 2.9495262038290093, 7.1605050413309073, 2.5859012241453456, 3.1645187825615722]
[3.7360774818407663, 3.4454976303313742, 1.5080602676225681, 2.9495262038290093, 14.839494958669093, 3.4140987758546544, 7.8354812174384278]
[3.7360774818407663, 3.4454976303313742, 1.5080602676225681, 10.050473796170991, 14.839494958669093, 2.5859012241453456, 3.1645187825615722]
[12.736077481840766, 18.445497630331374, 1.5080602676225681, 10.050473796170991, 7.1605050413309073, 2.5859012241453456, 7.8354812174384278]
[3.7360774818407663, 18.445497630331374, 1.5080602676225681, 14.949526203829009, 3.8394949586690927, 2.5859012241453456, 18.835481217438428]
[3.7360774818407663, 3.4454976303313742, 1.5080602676225681, 2.9495262038290093, 7.1605050413309073, 9.5859012241453456, 25.164518782561572]
[3.7360774818407663, 3.4454976303313742, 1.5080602676225681, 10.050473796170991, 3.8394949586690927, 9.5859012241453456, 7.8354812174384278]
[31.263922518159234, 11.554502369668626, 1.5080602676225681, 2.9495262038290093, 7.1605050413309073, 9.5859012241453456, 25.164518782561572]
[5.2639225181592337, 3.4454976303313742, 31.508060267622568, 10.050473796170991, 7.1605050413309073, 3.4140987758546544, 7.8354812174384278]
[13.263922518159234, 11.554502369668626, 13.491939732377432, 10.050473796170991, 18.160505041330907, 10.414098775854654, 7.8354812174384278]
[22.263922518159234, 3.4454976303313742, 1.5080602676225681, 2.9495262038290093, 18.160505041330907, 10.414098775854654, 14.164518782561572]
[13.263922518159234, 3.4454976303313742, 1.5080602676225681, 10.050473796170991, 7.1605050413309073, 3.4140987758546544, 14.164518782561572]
[31.263922518159234, 11.554502369668626, 16.508060267622568, 14.949526203829009, 18.160505041330907, 23.414098775854654, 14.164518782561572]
[48.263922518159234, 41.554502369668626, 16.508060267622568, 14.949526203829009, 18.160505041330907, 43.414098775854654, 59.164518782561572]
[74.263922518159234, 55.554502369668626, 46.508060267622568, 14.949526203829009, 40.160505041330907, 63.414098775854654, 59.164518782561572]
[108.26392251815923, 85.554502369668626, 46.508060267622568, 27.949526203829009, 62.160505041330907, 108.41409877585465, 81.164518782561572]
[201.26392251815923, 157.55450236966863, 75.508060267622568, 39.949526203829009, 83.160505041330907, 166.41409877585465, 146.16451878256157]
[275.26392251815923, 258.55450236966863, 90.508060267622568, 39.949526203829009, 127.16050504133091, 272.41409877585465, 179.16451878256157]
[356.26392251815923, 356.55450236966863, 119.50806026762257, 39.949526203829009, 137.16050504133091, 411.41409877585465, 275.16451878256157]
[444.26392251815923, 522.55450236966863, 133.50806026762257, 51.949526203829009, 148.16050504133091, 552.41409877585465, 359.16451878256157]
[553.26392251815923, 708.55450236966863, 162.50806026762257, 64.949526203829009, 159.16050504133091, 692.41409877585465, 442.16451878256157]
[545.26392251815923, 889.55450236966863, 206.50806026762257, 64.949526203829009, 148.16050504133091, 779.41409877585465, 493.16451878256157]
[591.26392251815923, 1076.5545023696686, 177.50806026762257, 51.949526203829009, 202.16050504133091, 885.41409877585465, 533.16451878256157]
[622.26392251815923, 1209.5545023696686, 191.50806026762257, 51.949526203829009, 170.16050504133091, 963.41409877585465, 553.16451878256157]
[614.26392251815923, 1362.5545023696686, 177.50806026762257, 76.949526203829009, 180.16050504133091, 988.41409877585465, 563.16451878256157]
[622.26392251815923, 1339.5545023696686, 191.50806026762257, 76.949526203829009, 170.16050504133091, 978.41409877585465, 573.16451878256157]
[614.26392251815923, 1233.5545023696686, 191.50806026762257, 51.949526203829009, 180.16050504133091, 901.41409877585465, 553.16451878256157]
[576.26392251815923, 1039.5545023696686, 177.50806026762257, 51.949526203829009, 159.16050504133091, 790.41409877585465, 523.16451878256157]
[561.26392251815923, 787.55450236966863, 148.50806026762257, 51.949526203829009, 127.16050504133091, 597.41409877585465, 411.16451878256157]
[452.26392251815923, 549.55450236966863, 148.50806026762257, 39.949526203829009, 105.16050504133091, 429.41409877585465, 359.16451878256157]
[356.26392251815923, 370.55450236966863, 133.50806026762257, 27.949526203829009, 94.160505041330907, 278.41409877585465, 233.16451878256157]
[250.26392251815923, 229.55450236966863, 90.508060267622568, 27.949526203829009, 73.160505041330907, 172.41409877585465, 179.16451878256157]
[167.26392251815923, 143.55450236966863, 75.508060267622568, 27.949526203829009, 51.160505041330907, 101.41409877585465, 103.16451878256157]
[142.26392251815923, 70.554502369668626, 46.508060267622568, 14.949526203829009, 29.160505041330907, 56.414098775854654, 59.164518782561572]
[48.263922518159234, 55.554502369668626, 60.508060267622568, 27.949526203829009, 18.160505041330907, 23.414098775854654, 48.164518782561572]
[31.263922518159234, 41.554502369668626, 31.508060267622568, 14.949526203829009, 18.160505041330907, 30.414098775854654, 14.164518782561572]
[5.2639225181592337, 11.554502369668626, 1.5080602676225681, 10.050473796170991, 14.839494958669093, 10.414098775854654, 14.164518782561572]
[5.2639225181592337, 11.554502369668626, 1.5080602676225681, 10.050473796170991, 3.8394949586690927, 3.4140987758546544, 3.1645187825615722]
[5.2639225181592337, 11.554502369668626, 1.5080602676225681, 2.9495262038290093, 14.839494958669093, 9.5859012241453456, 7.8354812174384278]
[21.736077481840766, 18.445497630331374, 13.491939732377432, 2.9495262038290093, 14.839494958669093, 2.5859012241453456, 7.8354812174384278]
[3.7360774818407663, 3.4454976303313742, 13.491939732377432, 10.050473796170991, 14.839494958669093, 16.585901224145346, 7.8354812174384278]
[29.736077481840766, 18.445497630331374, 1.5080602676225681, 10.050473796170991, 3.8394949586690927, 22.585901224145346, 3.1645187825615722]
[29.736077481840766, 18.445497630331374, 13.491939732377432, 10.050473796170991, 14.839494958669093, 16.585901224145346, 14.164518782561572]
[29.736077481840766, 18.445497630331374, 13.491939732377432, 10.050473796170991, 14.839494958669093, 29.585901224145346, 18.835481217438428]
[12.736077481840766, 18.445497630331374, 13.491939732377432, 35.050473796170991, 25.839494958669093, 22.585901224145346, 30.835481217438428]
[29.736077481840766, 33.445497630331374, 13.491939732377432, 35.050473796170991, 14.839494958669093, 16.585901224145346, 52.835481217438428]
[5.2639225181592337, 18.445497630331374, 43.491939732377432, 22.050473796170991, 25.839494958669093, 16.585901224145346, 30.835481217438428]
[38.736077481840766, 33.445497630331374, 1.5080602676225681, 22.050473796170991, 25.839494958669093, 29.585901224145346, 3.1645187825615722]
[38.736077481840766, 18.445497630331374, 43.491939732377432, 22.050473796170991, 3.8394949586690927, 36.585901224145346, 18.835481217438428]
[38.736077481840766, 33.445497630331374, 28.491939732377432, 22.050473796170991, 48.839494958669093, 29.585901224145346, 7.8354812174384278]
[47.736077481840766, 48.445497630331374, 43.491939732377432, 35.050473796170991, 25.839494958669093, 22.585901224145346, 63.835481217438428]
[47.736077481840766, 33.445497630331374, 28.491939732377432, 35.050473796170991, 25.839494958669093, 49.585901224145346, 41.835481217438428]
[21.736077481840766, 18.445497630331374, 43.491939732377432, 35.050473796170991, 14.839494958669093, 22.585901224145346, 41.835481217438428]
[38.736077481840766, 18.445497630331374, 28.491939732377432, 35.050473796170991, 14.839494958669093, 22.585901224145346, 18.835481217438428]
[38.736077481840766, 33.445497630331374, 28.491939732377432, 48.050473796170991, 25.839494958669093, 29.585901224145346, 52.835481217438428]
[47.736077481840766, 33.445497630331374, 43.491939732377432, 22.050473796170991, 14.839494958669093, 29.585901224145346, 41.835481217438428]
[29.736077481840766, 33.445497630331374, 28.491939732377432, 10.050473796170991, 14.839494958669093, 16.585901224145346, 52.835481217438428]
[38.736077481840766, 33.445497630331374, 43.491939732377432, 48.050473796170991, 25.839494958669093, 16.585901224145346, 18.835481217438428]
[47.736077481840766, 48.445497630331374, 43.491939732377432, 35.050473796170991, 37.839494958669093, 29.585901224145346, 41.835481217438428]
[21.736077481840766, 18.445497630331374, 43.491939732377432, 35.050473796170991, 25.839494958669093, 36.585901224145346, 52.835481217438428]
