[15.383566092887122, 15.030456852791758, 7.4761904761908227, 8.9514563106786227, 5.6239737274227082, 6.555649957519563, 17.007070057847159]
[15.383566092887122, 0.030456852791758138, 7.5238095238091773, 4.0485436893213773, 17.623973727422708, 7.444350042480437, 27.992929942152841]
[15.383566092887122, 15.030456852791758, 22.523809523809177, 8.9514563106786227, 17.623973727422708, 0.44435004248043697, 15.992929942152841]
[6.3835660928871221, 14.969543147208242, 22.523809523809177, 8.9514563106786227, 5.3760262725772918, 0.44435004248043697, 6.0070700578471588]
[11.616433907112878, 0.030456852791758138, 7.5238095238091773, 21.951456310678623, 5.6239737274227082, 6.555649957519563, 4.9929299421528412]
[6.3835660928871221, 14.969543147208242, 7.5238095238091773, 8.9514563106786227, 5.6239737274227082, 0.44435004248043697, 17.007070057847159]
[6.3835660928871221, 0.030456852791758138, 22.523809523809177, 8.9514563106786227, 17.623973727422708, 0.44435004248043697, 4.9929299421528412]
[15.383566092887122, 0.030456852791758138, 7.4761904761908227, 4.0485436893213773, 28.623973727422708, 7.444350042480437, 17.007070057847159]
[2.6164339071128779, 30.030456852791758, 7.4761904761908227, 8.9514563106786227, 5.6239737274227082, 0.44435004248043697, 6.0070700578471588]
[15.383566092887122, 0.030456852791758138, 22.523809523809177, 21.951456310678623, 5.6239737274227082, 0.44435004248043697, 6.0070700578471588]
[6.3835660928871221, 15.030456852791758, 7.5238095238091773, 4.0485436893213773, 5.6239737274227082, 27.444350042480437, 6.0070700578471588]
[15.383566092887122, 14.969543147208242, 7.5238095238091773, 16.048543689321377, 17.623973727422708, 0.44435004248043697, 15.992929942152841]
[2.6164339071128779, 0.030456852791758138, 7.5238095238091773, 4.0485436893213773, 16.376026272577292, 0.44435004248043697, 15.992929942152841]
[2.6164339071128779, 14.969543147208242, 7.5238095238091773, 4.0485436893213773, 5.3760262725772918, 12.555649957519563, 6.0070700578471588]
[6.3835660928871221, 0.030456852791758138, 37.523809523809177, 4.0485436893213773, 5.6239737274227082, 6.555649957519563, 4.9929299421528412]
[6.3835660928871221, 0.030456852791758138, 7.5238095238091773, 4.0485436893213773, 5.6239737274227082, 0.44435004248043697, 4.9929299421528412]
[2.6164339071128779, 15.030456852791758, 7.5238095238091773, 4.0485436893213773, 17.623973727422708, 13.444350042480437, 4.9929299421528412]
[32.383566092887122, 15.030456852791758, 7.4761904761908227, 8.9514563106786227, 5.6239737274227082, 7.444350042480437, 6.0070700578471588]
[2.6164339071128779, 0.030456852791758138, 22.523809523809177, 21.951456310678623, 28.623973727422708, 7.444350042480437, 15.992929942152841]
[24.383566092887122, 0.030456852791758138, 22.523809523809177, 8.9514563106786227, 17.623973727422708, 7.444350042480437, 49.992929942152841]
[15.383566092887122, 15.030456852791758, 22.523809523809177, 21.951456310678623, 5.6239737274227082, 7.444350042480437, 4.9929299421528412]
[24.383566092887122, 45.030456852791758, 22.523809523809177, 8.9514563106786227, 17.623973727422708, 13.444350042480437, 4.9929299421528412]
[24.383566092887122, 30.030456852791758, 22.523809523809177, 21.951456310678623, 5.3760262725772918, 13.444350042480437, 4.9929299421528412]
[24.383566092887122, 15.030456852791758, 22.523809523809177, 21.951456310678623, 17.623973727422708, 33.444350042480437, 15.992929942152841]
[41.383566092887122, 15.030456852791758, 7.5238095238091773, 21.951456310678623, 28.623973727422708, 13.444350042480437, 15.992929942152841]
[24.383566092887122, 30.030456852791758, 7.5238095238091773, 21.951456310678623, 28.623973727422708, 27.444350042480437, 38.992929942152841]
[32.383566092887122, 30.030456852791758, 37.523809523809177, 33.951456310678623, 50.623973727422708, 33.444350042480437, 15.992929942152841]
[41.383566092887122, 45.030456852791758, 52.523809523809177, 46.951456310678623, 61.623973727422708, 53.444350042480437, 60.992929942152841]
[67.383566092887122, 75.030456852791758, 97.523809523809177, 46.951456310678623, 105.62397372742271, 99.444350042480437, 105.99292994215284]
[85.383566092887122, 119.03045685279176, 141.52380952380918, 83.951456310678623, 213.62397372742271, 158.44435004248044, 105.99292994215284]
[145.38356609288712, 206.03045685279176, 271.52380952380918, 133.95145631067862, 401.62397372742271, 260.44435004248044, 138.99292994215284]
[196.38356609288712, 335.03045685279176, 482.52380952380918, 133.95145631067862, 710.62397372742271, 401.44435004248044, 160.99292994215284]
[213.38356609288712, 489.03045685279176, 698.52380952380918, 157.95145631067862, 973.62397372742271, 526.44435004248044, 214.99292994215284]
[213.38356609288712, 598.03045685279176, 855.52380952380918, 169.95145631067862, 1081.6239737274227, 630.44435004248044, 214.99292994215284]
[196.38356609288712, 611.03045685279176, 983.52380952380918, 182.95145631067862, 1143.6239737274227, 647.44435004248044, 203.99292994215284]
[213.38356609288712, 571.03045685279176, 1008.5238095238092, 194.95145631067862, 1125.6239737274227, 596.44435004248044, 214.99292994215284]
[204.38356609288712, 516.03045685279176, 843.52380952380918, 182.95145631067862, 1018.6239737274227, 521.44435004248044, 160.99292994215284]
[187.38356609288712, 405.03045685279176, 605.52380952380918, 169.95145631067862, 710.62397372742271, 389.44435004248044, 171.99292994215284]
[153.38356609288712, 250.03045685279176, 356.52380952380918, 145.95145631067862, 412.62397372742271, 285.44435004248044, 116.99292994215284]
[128.38356609288712, 163.03045685279176, 170.52380952380918, 95.951456310678623, 234.62397372742271, 171.44435004248044, 116.99292994215284]
[102.38356609288712, 90.030456852791758, 97.523809523809177, 71.951456310678623, 105.62397372742271, 99.444350042480437, 105.99292994215284]
[67.383566092887122, 75.030456852791758, 82.523809523809177, 71.951456310678623, 61.623973727422708, 67.444350042480437, 83.992929942152841]
[50.383566092887122, 60.030456852791758, 52.523809523809177, 33.951456310678623, 39.623973727422708, 33.444350042480437, 49.992929942152841]
[32.383566092887122, 30.030456852791758, 37.523809523809177, 21.951456310678623, 17.623973727422708, 33.444350042480437, 15.992929942152841]
[32.383566092887122, 15.030456852791758, 22.523809523809177, 21.951456310678623, 17.623973727422708, 27.444350042480437, 4.9929299421528412]
[24.383566092887122, 15.030456852791758, 22.523809523809177, 8.9514563106786227, 17.623973727422708, 27.444350042480437, 38.992929942152841]
[24.383566092887122, 30.030456852791758, 22.523809523809177, 33.951456310678623, 5.6239737274227082, 27.444350042480437, 4.9929299421528412]
[15.383566092887122, 0.030456852791758138, 7.5238095238091773, 8.9514563106786227, 28.623973727422708, 20.444350042480437, 4.9929299421528412]
[24.383566092887122, 15.030456852791758, 7.5238095238091773, 33.951456310678623, 5.6239737274227082, 7.444350042480437, 27.992929942152841]
[15.383566092887122, 0.030456852791758138, 22.523809523809177, 21.951456310678623, 28.623973727422708, 20.444350042480437, 15.992929942152841]
[15.383566092887122, 0.030456852791758138, 22.523809523809177, 21.951456310678623, 17.623973727422708, 0.44435004248043697, 27.992929942152841]
[32.383566092887122, 15.030456852791758, 22.523809523809177, 8.9514563106786227, 17.623973727422708, 27.444350042480437, 6.0070700578471588]
[15.383566092887122, 15.030456852791758, 37.523809523809177, 33.951456310678623, 28.623973727422708, 13.444350042480437, 6.0070700578471588]
[24.383566092887122, 15.030456852791758, 7.5238095238091773, 21.951456310678623, 17.623973727422708, 7.444350042480437, 4.9929299421528412]
[32.383566092887122, 15.030456852791758, 37.523809523809177, 21.951456310678623, 17.623973727422708, 13.444350042480437, 27.992929942152841]
[6.3835660928871221, 15.030456852791758, 7.5238095238091773, 4.0485436893213773, 17.623973727422708, 0.44435004248043697, 29.007070057847159]
[15.383566092887122, 15.030456852791758, 22.523809523809177, 21.951456310678623, 5.6239737274227082, 7.444350042480437, 15.992929942152841]
[15.383566092887122, 30.030456852791758, 7.5238095238091773, 21.951456310678623, 17.623973727422708, 20.444350042480437, 6.0070700578471588]
[15.383566092887122, 15.030456852791758, 7.5238095238091773, 21.951456310678623, 5.6239737274227082, 13.444350042480437, 15.992929942152841]
[15.383566092887122, 15.030456852791758, 22.523809523809177, 8.9514563106786227, 28.623973727422708, 13.444350042480437, 17.007070057847159]
[6.3835660928871221, 15.030456852791758, 37.523809523809177, 21.951456310678623, 28.623973727422708, 13.444350042480437, 4.9929299421528412]
[24.383566092887122, 15.030456852791758, 7.5238095238091773, 8.9514563106786227, 17.623973727422708, 13.444350042480437, 27.992929942152841]
[15.383566092887122, 30.030456852791758, 7.5238095238091773, 21.951456310678623, 28.623973727422708, 20.444350042480437, 15.992929942152841]
[15.383566092887122, 15.030456852791758, 22.523809523809177, 8.9514563106786227, 5.6239737274227082, 0.44435004248043697, 15.992929942152841]
[15.383566092887122, 0.030456852791758138, 7.5238095238091773, 4.0485436893213773, 5.6239737274227082, 27.444350042480437, 15.992929942152841]
[15.383566092887122, 15.030456852791758, 22.523809523809177, 21.951456310678623, 17.623973727422708, 0.44435004248043697, 38.992929942152841]
[15.383566092887122, 30.030456852791758, 7.5238095238091773, 21.951456310678623, 17.623973727422708, 20.444350042480437, 4.9929299421528412]
