[8.9008746355684707, 7.3926535782138671, 12.582893347413119, 12.046511627906511, 11.008833439576847, 7.7570964553033264, 5.461749885478639]
[8.9008746355684707, 7.3926535782138671, 12.582893347413119, 12.953488372093489, 11.008833439576847, 12.242903544696674, 5.461749885478639]
[26.900874635568471, 7.6073464217861329, 2.417106652586881, 0.95348837209348858, 11.008833439576847, 19.242903544696674, 5.461749885478639]
[0.90087463556847069, 7.3926535782138671, 12.582893347413119, 0.95348837209348858, 11.008833439576847, 0.75709645530332637, 6.538250114521361]
[8.9008746355684707, 7.6073464217861329, 2.417106652586881, 0.95348837209348858, 11.008833439576847, 7.7570964553033264, 5.461749885478639]
[17.900874635568471, 7.3926535782138671, 2.417106652586881, 0.95348837209348858, 11.008833439576847, 0.75709645530332637, 6.538250114521361]
[8.9008746355684707, 37.607346421786133, 2.417106652586881, 0.95348837209348858, 0.0088334395768470131, 13.757096455303326, 27.461749885478639]
[0.90087463556847069, 7.6073464217861329, 2.417106652586881, 12.953488372093489, 0.0088334395768470131, 7.7570964553033264, 6.538250114521361]
[0.90087463556847069, 7.3926535782138671, 12.582893347413119, 0.95348837209348858, 11.008833439576847, 19.242903544696674, 6.538250114521361]
[17.900874635568471, 7.6073464217861329, 2.417106652586881, 0.95348837209348858, 11.008833439576847, 0.75709645530332637, 5.461749885478639]
[17.900874635568471, 7.6073464217861329, 2.417106652586881, 12.953488372093489, 22.008833439576847, 7.7570964553033264, 17.538250114521361]
[26.900874635568471, 7.6073464217861329, 2.417106652586881, 0.95348837209348858, 11.008833439576847, 6.2429035446966736, 16.461749885478639]
[17.900874635568471, 7.3926535782138671, 12.582893347413119, 0.95348837209348858, 0.0088334395768470131, 0.75709645530332637, 6.538250114521361]
[8.9008746355684707, 7.6073464217861329, 12.582893347413119, 0.95348837209348858, 22.008833439576847, 6.2429035446966736, 16.461749885478639]
[0.90087463556847069, 7.6073464217861329, 12.582893347413119, 12.953488372093489, 11.008833439576847, 7.7570964553033264, 5.461749885478639]
[26.900874635568471, 22.607346421786133, 12.582893347413119, 12.953488372093489, 11.008833439576847, 12.242903544696674, 5.461749885478639]
[0.90087463556847069, 7.6073464217861329, 2.417106652586881, 12.953488372093489, 0.0088334395768470131, 12.242903544696674, 6.538250114521361]
[8.0991253644315293, 7.6073464217861329, 2.417106652586881, 0.95348837209348858, 11.008833439576847, 6.2429035446966736, 6.538250114521361]
[26.900874635568471, 7.3926535782138671, 2.417106652586881, 0.95348837209348858, 0.0088334395768470131, 6.2429035446966736, 6.538250114521361]
[8.0991253644315293, 22.607346421786133, 2.417106652586881, 0.95348837209348858, 0.0088334395768470131, 0.75709645530332637, 16.461749885478639]
[0.90087463556847069, 7.3926535782138671, 2.417106652586881, 37.953488372093489, 22.008833439576847, 6.2429035446966736, 6.538250114521361]
[8.9008746355684707, 7.3926535782138671, 12.582893347413119, 12.046511627906511, 11.008833439576847, 12.242903544696674, 5.461749885478639]
[8.9008746355684707, 7.6073464217861329, 12.582893347413119, 12.953488372093489, 11.008833439576847, 19.242903544696674, 27.461749885478639]
[26.900874635568471, 7.6073464217861329, 12.582893347413119, 12.046511627906511, 0.0088334395768470131, 19.242903544696674, 5.461749885478639]
[26.900874635568471, 7.6073464217861329, 2.417106652586881, 12.953488372093489, 11.008833439576847, 12.242903544696674, 5.461749885478639]
[43.900874635568471, 7.6073464217861329, 2.417106652586881, 12.953488372093489, 22.008833439576847, 6.2429035446966736, 27.461749885478639]
[26.900874635568471, 7.3926535782138671, 12.582893347413119, 0.95348837209348858, 22.008833439576847, 6.2429035446966736, 16.461749885478639]
[26.900874635568471, 7.6073464217861329, 27.582893347413119, 12.953488372093489, 22.008833439576847, 26.242903544696674, 27.461749885478639]
[43.900874635568471, 37.607346421786133, 42.582893347413119, 37.953488372093489, 44.008833439576847, 39.242903544696674, 49.461749885478639]
[43.900874635568471, 37.607346421786133, 57.582893347413119, 37.953488372093489, 88.008833439576847, 52.242903544696674, 49.461749885478639]
[61.900874635568471, 67.607346421786133, 86.582893347413119, 25.953488372093489, 131.00883343957685, 98.242903544696674, 72.461749885478639]
[104.90087463556847, 125.60734642178613, 116.58289334741312, 74.953488372093489, 206.00883343957685, 169.24290354469667, 83.461749885478639]
[129.90087463556847, 183.60734642178613, 217.58289334741312, 87.953488372093489, 312.00883343957685, 258.24290354469667, 94.461749885478639]
[172.90087463556847, 298.60734642178613, 345.58289334741312, 124.95348837209349, 476.00883343957685, 362.24290354469667, 138.46174988547864]
[189.90087463556847, 452.60734642178613, 484.58289334741312, 136.95348837209349, 645.00883343957685, 529.24290354469667, 170.46174988547864]
[197.90087463556847, 575.60734642178613, 580.58289334741312, 124.95348837209349, 807.00883343957685, 626.24290354469667, 192.46174988547864]
[222.90087463556847, 655.60734642178613, 687.58289334741312, 148.95348837209349, 882.00883343957685, 705.24290354469667, 192.46174988547864]
[222.90087463556847, 695.60734642178613, 739.58289334741312, 148.95348837209349, 956.00883343957685, 738.24290354469667, 192.46174988547864]
[214.90087463556847, 695.60734642178613, 818.58289334741312, 148.95348837209349, 974.00883343957685, 738.24290354469667, 181.46174988547864]
[222.90087463556847, 642.60734642178613, 792.58289334741312, 148.95348837209349, 919.00883343957685, 682.24290354469667, 181.46174988547864]
[206.90087463556847, 520.60734642178613, 673.58289334741312, 136.95348837209349, 712.00883343957685, 598.24290354469667, 170.46174988547864]
[172.90087463556847, 368.60734642178613, 539.58289334741312, 148.95348837209349, 516.00883343957685, 452.24290354469667, 160.46174988547864]
[155.90087463556847, 270.60734642178613, 359.58289334741312, 136.95348837209349, 353.00883343957685, 326.24290354469667, 149.46174988547864]
[129.90087463556847, 183.60734642178613, 217.58289334741312, 99.953488372093489, 228.00883343957685, 226.24290354469667, 127.46174988547864]
[87.900874635568471, 125.60734642178613, 145.58289334741312, 74.953488372093489, 131.00883343957685, 143.24290354469667, 94.461749885478639]
[87.900874635568471, 81.607346421786133, 57.582893347413119, 37.953488372093489, 77.008833439576847, 85.242903544696674, 72.461749885478639]
[43.900874635568471, 52.607346421786133, 42.582893347413119, 25.953488372093489, 44.008833439576847, 59.242903544696674, 38.461749885478639]
[52.900874635568471, 22.607346421786133, 27.582893347413119, 0.95348837209348858, 44.008833439576847, 39.242903544696674, 27.461749885478639]
[35.900874635568471, 7.6073464217861329, 27.582893347413119, 12.953488372093489, 33.008833439576847, 19.242903544696674, 27.461749885478639]
[17.900874635568471, 7.6073464217861329, 2.417106652586881, 12.046511627906511, 11.008833439576847, 12.242903544696674, 16.461749885478639]
[0.90087463556847069, 7.3926535782138671, 17.417106652586881, 0.95348837209348858, 11.991166560423153, 13.757096455303326, 5.461749885478639]
[8.0991253644315293, 7.3926535782138671, 12.582893347413119, 12.046511627906511, 0.0088334395768470131, 7.7570964553033264, 5.461749885478639]
[8.0991253644315293, 22.392653578213867, 2.417106652586881, 12.046511627906511, 11.991166560423153, 7.7570964553033264, 5.461749885478639]
[17.099125364431529, 7.3926535782138671, 17.417106652586881, 0.95348837209348858, 0.0088334395768470131, 13.757096455303326, 17.538250114521361]
[17.099125364431529, 7.3926535782138671, 17.417106652586881, 12.046511627906511, 0.0088334395768470131, 0.75709645530332637, 16.461749885478639]
[17.099125364431529, 37.392653578213867, 2.417106652586881, 12.046511627906511, 11.991166560423153, 13.757096455303326, 6.538250114521361]
[8.0991253644315293, 7.3926535782138671, 17.417106652586881, 12.046511627906511, 11.991166560423153, 27.757096455303326, 6.538250114521361]
[8.0991253644315293, 22.392653578213867, 12.582893347413119, 12.046511627906511, 22.991166560423153, 7.7570964553033264, 6.538250114521361]
[26.099125364431529, 22.392653578213867, 17.417106652586881, 25.046511627906511, 33.991166560423153, 27.757096455303326, 17.538250114521361]
[26.099125364431529, 7.3926535782138671, 17.417106652586881, 25.046511627906511, 22.991166560423153, 13.757096455303326, 28.538250114521361]
[26.099125364431529, 22.392653578213867, 32.417106652586881, 25.046511627906511, 11.991166560423153, 0.75709645530332637, 6.538250114521361]
[8.0991253644315293, 7.3926535782138671, 47.417106652586881, 12.046511627906511, 11.991166560423153, 13.757096455303326, 5.461749885478639]
[0.90087463556847069, 37.392653578213867, 17.417106652586881, 12.046511627906511, 22.991166560423153, 20.757096455303326, 5.461749885478639]
[17.099125364431529, 22.392653578213867, 32.417106652586881, 12.046511627906511, 11.991166560423153, 20.757096455303326, 28.538250114521361]
[26.099125364431529, 22.392653578213867, 17.417106652586881, 25.046511627906511, 22.991166560423153, 13.757096455303326, 6.538250114521361]
[26.099125364431529, 7.3926535782138671, 17.417106652586881, 25.046511627906511, 22.991166560423153, 27.757096455303326, 39.538250114521361]
[52.099125364431529, 37.392653578213867, 32.417106652586881, 25.046511627906511, 22.991166560423153, 13.757096455303326, 51.538250114521361]
[17.099125364431529, 22.392653578213867, 32.417106652586881, 37.046511627906511, 22.991166560423153, 27.757096455303326, 6.538250114521361]
[26.099125364431529, 22.392653578213867, 17.417106652586881, 37.046511627906511, 11.991166560423153, 20.757096455303326, 39.538250114521361]
[17.099125364431529, 22.392653578213867, 17.417106652586881, 25.046511627906511, 22.991166560423153, 27.757096455303326, 28.538250114521361]
[17.099125364431529, 37.392653578213867, 32.417106652586881, 25.046511627906511, 11.991166560423153, 27.757096455303326, 39.538250114521361]
[26.099125364431529, 22.392653578213867, 32.417106652586881, 37.046511627906511, 22.991166560423153, 27.757096455303326, 17.538250114521361]
[35.099125364431529, 37.392653578213867, 32.417106652586881, 12.046511627906511, 11.991166560423153, 20.757096455303326, 51.538250114521361]
[35.099125364431529, 52.392653578213867, 47.417106652586881, 37.046511627906511, 33.991166560423153, 27.757096455303326, 28.538250114521361]
[26.099125364431529, 52.392653578213867, 47.417106652586881, 50.046511627906511, 33.991166560423153, 20.757096455303326, 28.538250114521361]
[44.099125364431529, 37.392653578213867, 32.417106652586881, 25.046511627906511, 11.991166560423153, 13.757096455303326, 28.538250114521361]
[26.099125364431529, 52.392653578213867, 32.417106652586881, 25.046511627906511, 22.991166560423153, 20.757096455303326, 62.538250114521361]
[61.099125364431529, 52.392653578213867, 32.417106652586881, 37.046511627906511, 22.991166560423153, 27.757096455303326, 39.538250114521361]
[61.099125364431529, 37.392653578213867, 47.417106652586881, 25.046511627906511, 33.991166560423153, 40.757096455303326, 51.538250114521361]
[52.099125364431529, 52.392653578213867, 32.417106652586881, 37.046511627906511, 33.991166560423153, 47.757096455303326, 39.538250114521361]
[44.099125364431529, 37.392653578213867, 32.417106652586881, 37.046511627906511, 33.991166560423153, 20.757096455303326, 74.538250114521361]
[52.099125364431529, 22.392653578213867, 32.417106652586881, 50.046511627906511, 22.991166560423153, 20.757096455303326, 51.538250114521361]
[52.099125364431529, 37.392653578213867, 47.417106652586881, 50.046511627906511, 33.991166560423153, 40.757096455303326, 17.538250114521361]
[44.099125364431529, 52.392653578213867, 47.417106652586881, 37.046511627906511, 33.991166560423153, 33.757096455303326, 17.538250114521361]
[44.099125364431529, 37.392653578213867, 47.417106652586881, 37.046511627906511, 33.991166560423153, 33.757096455303326, 51.538250114521361]
[35.099125364431529, 52.392653578213867, 32.417106652586881, 25.046511627906511, 22.991166560423153, 27.757096455303326, 17.538250114521361]
[61.099125364431529, 67.392653578213867, 32.417106652586881, 50.046511627906511, 44.991166560423153, 13.757096455303326, 39.538250114521361]
