[0.008189674562458199, -0.042863023561585445, 0.03077754367113582]
[0.014540136380781332, -0.05758948133793629, 0.06986087700446914]
[0.028169819052620254, -0.06372031050250893, 0.11108309922669136]
[0.039198213789905956, -0.07975266969392814, 0.15673587700446912]
[0.06203906959386449, -0.0958820183324407, 0.19501365478224694]
[0.25377420943528783, -0.10798070486834754, 0.2231942103378025]
[0.2963613182728767, -0.11758340229212827, 0.23097466395655877]
[0.35881678829673747, -0.12510186318597427, 0.22540521951211437]
[0.41184945386244787, -0.12971981174716296, 0.2003774417343366]
[0.6010828496943725, -0.13783130531984178, 0.1581120496924927]
[0.6684964769099783, -0.14268959794970026, 0.1101537163591594]
[0.6935105063690251, -0.1521991693093866, 0.05836204969249274]
[0.7554706093341331, -0.16885976262629898, 0.014537350148356814]
