[0.0924251173838434, -0.00985189912749651, 0.01603578431923663]
[0.11875984593595584, 0.0037798939916295904, 0.04795071961708724]
[0.14236153696313528, -0.026297081298439884, 0.0895398938873404]
[0.17184367324189165, -0.06084217334862885, 0.1376648938873404]
[0.18616757561618016, -0.09252883150381308, 0.18334544944289594]
[0.2535367618458403, -0.11024224904046631, 0.2160954494428959]
[0.4258932995988823, -0.12509352423212794, 0.22942878277622927]
[0.47568921905221917, -0.13987478391567487, 0.22216507970038704]
[0.5362428623864564, -0.25232986911950667, 0.19738730192260925]
[0.5870503790972244, -0.2674167810582712, 0.15583509955909727]
[0.80338531339775, -0.2895912875435961, 0.10732121067020836]
[0.8274700956949801, -0.3203533639894498, 0.06012849759457998]
[0.8972095660387285, -0.35634590307664593, 0.021732613362292902]
