[0.05214151143199605, -0.06856956983645185, 0.0313710901078626]
[0.09208373263788489, -0.14529419826912382, 0.06966275677452922]
[0.10388264691087765, -0.17549239858313387, 0.11031553455230703]
[0.14941859898804932, -0.1921796751659689, 0.1460099789967515]
[0.352528929386718, -0.2038527493319584, 0.17663497899675146]
[0.39727899305144837, -0.21348145817868447, 0.1934822012189737]
[0.43715108493011723, -0.2228203209486011, 0.19429192875098406]
[0.48792556028560674, -0.23119082387443757, 0.17883359541765073]
[0.6470347660038216, -0.24062445272983835, 0.1477969233372364]
[0.7120001510872774, -0.24440724301030442, 0.11135247889279193]
[0.737144751092108, -0.23895081447065009, 0.06958859000390306]
[0.771021110869812, -0.25781696454830466, 0.028033034448347514]
[0.8212069096090209, -0.2915583228483951, -0.0029541183809551723]
