[0.05262658512636319, -0.003152643742328154, 0.024301009750298648]
[0.10061505493220978, -0.050966295070424605, 0.06753473377081681]
[0.1536103346068858, -0.0920979922296834, 0.12377084488192791]
[0.17012159707465901, -0.12974162913161147, 0.1820347337708168]
[0.24304944369001893, -0.1567536430395332, 0.22665973377081677]
[0.42896866718324145, -0.24991942426584823, 0.24961806710415016]
[0.485382760067246, -0.26801187210838917, 0.24929844366936357]
[0.5476975744510065, -0.283696391757044, 0.22222899922491915]
[0.5984832895737979, -0.29910917049463426, 0.17390102259964518]
[0.790318809473862, -0.3257381081131041, 0.11373435593297851]
[0.8106190307880903, -0.36096702406444664, 0.057260383685509945]
[0.8634219106017341, -0.41402162152576666, 0.01010760590773218]
[0.9436990939242856, -0.38122737730505707, -0.012627543907430962]
