(0.49667574818262583, 0.69066480402238983, 0.027687219856208964)
(0.49209345313778147, 0.70011468301167534, 0.061386211935514363)
(0.49946725548446247, 0.69117111240312068, 0.10374942574693537)
(0.50591699018485969, 0.69134865458655126, 0.14842998130249094)
(0.49356841823093911, 0.6925386978063941, 0.19229109241360204)
(0.49113809593783053, 0.69621276802629151, 0.23152720352471318)
(0.49143350202478658, 0.69907812283414739, 0.26594387019137983)
(0.49241134182316804, 0.70341921479304825, 0.2943466479691576)
(0.49337974324193412, 0.70695766113307701, 0.31486053685804649)
(0.4941714677446879, 0.70913279030464027, 0.32801641141964633)
(0.49434359720042392, 0.71110549135542633, 0.33608585586409084)
(0.49405490423099618, 0.71175419253341254, 0.34061363364186864)
(0.49402107039782045, 0.71184272466351284, 0.34195775908026871)
(0.49334344179217332, 0.71116326720783074, 0.34109664796915762)
(0.49201979222078845, 0.71000872799739723, 0.33880498130249093)
(0.48991910618507734, 0.70887700943795884, 0.33729109241360206)
(0.48763551120184528, 0.70787221934509414, 0.33513831463582427)
(0.48617660651591371, 0.7076005599547186, 0.33330498130249092)
(0.48409768043965495, 0.70748656577968538, 0.33005498130249095)
(0.48255120875323437, 0.70722341878533501, 0.32808275908026874)
(0.48189022171665535, 0.70724186676249445, 0.32667998130249098)
