[1228, 941, 1001, 967, 1084, 1837, 1264]
[1224, 944, 1002, 968, 1086, 1829, 1263]
[1224, 940, 1001, 970, 1082, 1837, 1266]
[1225, 941, 1002, 968, 1085, 1835, 1265]
[1226, 941, 1002, 968, 1083, 1838, 1267]
[1227, 941, 1002, 968, 1083, 1837, 1265]
[1224, 940, 1003, 967, 1083, 1836, 1265]
[1225, 941, 1002, 968, 1084, 1838, 1267]
[1226, 940, 1002, 969, 1084, 1839, 1266]
[1227, 940, 1001, 968, 1084, 1832, 1265]
[1224, 941, 1002, 970, 1086, 1835, 1268]
[1227, 941, 1003, 968, 1084, 1840, 1266]
[1227, 941, 1003, 968, 1085, 1841, 1264]
[1225, 941, 1002, 968, 1084, 1839, 1266]
[1227, 944, 1001, 969, 1085, 1837, 1266]
[1227, 941, 1001, 972, 1083, 1840, 1266]
[1224, 941, 1001, 969, 1083, 1835, 1268]
[1228, 941, 1001, 968, 1084, 1836, 1266]
[1225, 940, 1002, 967, 1083, 1837, 1267]
[1226, 941, 1003, 968, 1084, 1838, 1264]
[1226, 941, 1003, 968, 1083, 1840, 1265]
[1227, 942, 1002, 969, 1085, 1841, 1268]
[1230, 940, 1002, 968, 1085, 1843, 1267]
[1229, 941, 1003, 969, 1086, 1837, 1266]
[1227, 942, 1003, 970, 1086, 1834, 1267]
[1225, 942, 1004, 970, 1087, 1841, 1269]
[1228, 941, 1004, 967, 1086, 1840, 1267]
[1229, 945, 1003, 968, 1085, 1844, 1267]
[1233, 943, 1004, 972, 1086, 1847, 1271]
[1233, 945, 1006, 969, 1090, 1851, 1275]
[1238, 946, 1008, 973, 1092, 1863, 1280]
[1243, 950, 1010, 975, 1093, 1878, 1288]
[1249, 954, 1017, 976, 1094, 1895, 1298]
[1250, 960, 1021, 978, 1096, 1922, 1311]
[1255, 966, 1029, 980, 1095, 1939, 1331]
[1262, 975, 1039, 982, 1098, 1967, 1359]
[1263, 985, 1057, 985, 1098, 2005, 1401]
[1270, 998, 1082, 987, 1103, 2070, 1448]
[1268, 1012, 1118, 989, 1106, 2210, 1469]
[1268, 1023, 1162, 989, 1111, 2524, 1428]
[1265, 1029, 1174, 988, 1123, 3207, 1385]
[1268, 1025, 1160, 991, 1142, 3089, 1355]
[1263, 1021, 1149, 987, 1164, 2546, 1336]
[1266, 1011, 1124, 989, 1185, 2296, 1325]
[1266, 1002, 1096, 987, 1187, 2161, 1316]
[1262, 991, 1074, 986, 1176, 2075, 1311]
[1259, 981, 1054, 985, 1156, 2006, 1304]
[1256, 972, 1040, 983, 1137, 1965, 1299]
[1253, 965, 1030, 980, 1122, 1932, 1292]
[1250, 959, 1020, 977, 1110, 1902, 1288]
[1241, 952, 1013, 976, 1103, 1886, 1282]
[1240, 948, 1009, 974, 1095, 1866, 1276]
[1239, 945, 1007, 973, 1091, 1859, 1272]
[1233, 944, 1005, 971, 1091, 1849, 1274]
[1228, 943, 1004, 972, 1086, 1842, 1269]
[1226, 943, 1003, 968, 1084, 1844, 1269]
[1229, 943, 1002, 969, 1084, 1838, 1267]
[1228, 941, 1002, 968, 1084, 1842, 1266]
[1227, 942, 1003, 970, 1086, 1841, 1267]
[1226, 941, 1003, 969, 1084, 1841, 1266]
[1224, 941, 1002, 969, 1084, 1836, 1267]
[1225, 940, 1003, 969, 1083, 1839, 1266]
[1222, 940, 1002, 968, 1082, 1837, 1265]
[1227, 941, 1002, 969, 1084, 1839, 1265]
[1222, 939, 1001, 969, 1085, 1839, 1263]
[1224, 940, 1001, 967, 1083, 1837, 1263]
[1225, 942, 1002, 968, 1083, 1837, 1266]
[1225, 939, 1001, 968, 1085, 1835, 1266]
[1220, 939, 1001, 969, 1084, 1842, 1268]
[1222, 940, 1001, 968, 1083, 1840, 1267]
