[1218, 937, 998, 966, 1080, 1820, 1261]
[1220, 937, 997, 965, 1078, 1826, 1261]
[1222, 938, 999, 965, 1077, 1823, 1259]
[1219, 937, 998, 963, 1078, 1819, 1257]
[1218, 937, 999, 966, 1079, 1826, 1261]
[1223, 937, 998, 966, 1080, 1828, 1259]
[1220, 937, 998, 966, 1080, 1822, 1258]
[1221, 937, 999, 966, 1080, 1825, 1259]
[1220, 938, 999, 966, 1078, 1825, 1258]
[1220, 937, 998, 965, 1081, 1829, 1262]
[1219, 938, 997, 965, 1080, 1826, 1260]
[1224, 938, 998, 963, 1080, 1829, 1257]
[1219, 938, 999, 965, 1081, 1827, 1262]
[1221, 937, 998, 965, 1080, 1829, 1259]
[1220, 937, 998, 966, 1078, 1824, 1260]
[1221, 938, 999, 965, 1081, 1825, 1264]
[1222, 939, 998, 965, 1080, 1825, 1263]
[1222, 938, 998, 966, 1080, 1828, 1259]
[1220, 937, 1000, 966, 1080, 1826, 1263]
[1224, 938, 998, 965, 1081, 1829, 1260]
[1226, 937, 1001, 967, 1082, 1829, 1262]
[1225, 939, 999, 966, 1082, 1831, 1265]
[1230, 941, 1001, 967, 1082, 1838, 1269]
[1229, 941, 1004, 969, 1085, 1844, 1275]
[1231, 944, 1005, 968, 1087, 1858, 1273]
[1235, 946, 1008, 970, 1087, 1864, 1281]
[1241, 952, 1013, 972, 1091, 1896, 1297]
[1246, 958, 1021, 976, 1091, 1917, 1317]
[1252, 968, 1032, 978, 1092, 1935, 1346]
[1256, 979, 1046, 981, 1092, 1954, 1382]
[1261, 993, 1063, 983, 1092, 1974, 1443]
[1267, 1010, 1085, 983, 1092, 2023, 1529]
[1268, 1030, 1118, 984, 1098, 2154, 1562]
[1271, 1052, 1146, 980, 1104, 2559, 1452]
[1271, 1056, 1122, 982, 1118, 3758, 1374]
[1268, 1038, 1109, 981, 1148, 2682, 1335]
[1263, 1014, 1095, 982, 1177, 2194, 1316]
[1258, 989, 1065, 982, 1172, 2030, 1304]
[1251, 971, 1043, 981, 1145, 1959, 1292]
[1247, 960, 1026, 978, 1124, 1915, 1285]
[1243, 953, 1014, 973, 1107, 1887, 1278]
[1238, 948, 1008, 970, 1097, 1863, 1272]
[1232, 943, 1005, 970, 1090, 1853, 1269]
[1232, 942, 1002, 968, 1086, 1841, 1269]
[1227, 941, 1003, 968, 1084, 1842, 1269]
[1224, 940, 1001, 966, 1083, 1836, 1265]
[1222, 939, 1000, 966, 1083, 1833, 1266]
[1223, 940, 1000, 966, 1082, 1832, 1262]
[1225, 938, 1000, 966, 1082, 1833, 1263]
[1223, 938, 1002, 966, 1081, 1830, 1265]
[1223, 938, 1000, 966, 1083, 1826, 1262]
[1222, 937, 1000, 966, 1081, 1829, 1258]
[1219, 939, 1000, 966, 1080, 1829, 1260]
[1220, 938, 999, 967, 1079, 1824, 1258]
[1219, 937, 999, 965, 1079, 1823, 1261]
[1221, 937, 999, 966, 1081, 1827, 1255]
[1219, 937, 997, 964, 1081, 1824, 1256]
[1219, 937, 998, 966, 1081, 1820, 1259]
[1215, 938, 997, 966, 1080, 1822, 1260]
[1216, 937, 997, 965, 1079, 1821, 1259]
[1214, 936, 998, 965, 1081, 1825, 1258]
