[1211, 932, 992, 959, 1072, 1798, 1244]
[1208, 932, 992, 959, 1073, 1802, 1246]
[1214, 931, 992, 959, 1073, 1804, 1245]
[1208, 932, 994, 958, 1075, 1802, 1249]
[1213, 933, 991, 959, 1079, 1804, 1247]
[1209, 930, 993, 959, 1074, 1803, 1250]
[1211, 933, 992, 960, 1073, 1805, 1248]
[1208, 932, 992, 960, 1072, 1807, 1250]
[1211, 934, 992, 960, 1073, 1804, 1247]
[1212, 933, 992, 958, 1072, 1804, 1246]
[1211, 932, 993, 960, 1073, 1806, 1248]
[1211, 932, 992, 961, 1074, 1803, 1247]
[1214, 932, 993, 962, 1076, 1809, 1251]
[1215, 933, 992, 960, 1075, 1804, 1249]
[1212, 932, 994, 961, 1073, 1809, 1250]
[1216, 933, 993, 960, 1073, 1811, 1250]
[1215, 933, 994, 961, 1075, 1805, 1249]
[1211, 933, 993, 960, 1076, 1806, 1248]
[1213, 932, 994, 960, 1073, 1802, 1251]
[1214, 933, 993, 961, 1074, 1811, 1256]
[1211, 933, 994, 960, 1075, 1804, 1251]
[1213, 934, 993, 961, 1074, 1803, 1251]
[1214, 934, 995, 960, 1074, 1807, 1252]
[1213, 933, 994, 962, 1074, 1808, 1250]
[1214, 934, 994, 960, 1074, 1806, 1250]
[1218, 934, 994, 962, 1076, 1814, 1253]
[1216, 935, 996, 963, 1079, 1815, 1256]
[1220, 936, 996, 964, 1078, 1822, 1259]
[1223, 938, 999, 963, 1078, 1833, 1265]
[1228, 942, 1004, 965, 1081, 1847, 1273]
[1233, 946, 1005, 967, 1084, 1859, 1282]
[1235, 952, 1011, 967, 1083, 1880, 1294]
[1248, 960, 1019, 969, 1086, 1896, 1319]
[1254, 973, 1028, 972, 1086, 1921, 1348]
[1257, 987, 1039, 975, 1088, 1974, 1390]
[1258, 1006, 1054, 975, 1090, 2049, 1421]
[1261, 1028, 1070, 976, 1096, 2224, 1407]
[1262, 1048, 1074, 974, 1106, 2607, 1357]
[1260, 1048, 1065, 972, 1124, 2756, 1325]
[1262, 1044, 1063, 974, 1147, 2393, 1310]
[1258, 1030, 1056, 971, 1168, 2181, 1299]
[1262, 1012, 1045, 975, 1172, 2077, 1294]
[1257, 995, 1043, 974, 1160, 2010, 1289]
[1248, 977, 1032, 974, 1137, 1956, 1285]
[1242, 962, 1020, 970, 1116, 1913, 1281]
[1237, 953, 1013, 969, 1102, 1883, 1273]
[1234, 946, 1007, 967, 1093, 1859, 1266]
[1232, 942, 1003, 967, 1090, 1847, 1270]
[1225, 940, 1000, 966, 1081, 1832, 1263]
[1223, 936, 998, 965, 1082, 1826, 1260]
[1220, 936, 996, 964, 1077, 1817, 1258]
[1218, 936, 996, 962, 1078, 1817, 1257]
[1214, 935, 996, 963, 1076, 1818, 1257]
[1214, 935, 995, 962, 1076, 1813, 1252]
[1216, 934, 995, 963, 1076, 1812, 1253]
[1212, 934, 994, 962, 1076, 1816, 1252]
[1216, 934, 995, 963, 1077, 1812, 1254]
[1214, 934, 995, 962, 1075, 1810, 1255]
[1214, 933, 996, 962, 1075, 1814, 1251]
[1216, 933, 995, 962, 1075, 1813, 1250]
[1213, 933, 994, 961, 1076, 1814, 1253]
