[1223, 941, 1003, 968, 1085, 1837, 1267]
[1224, 941, 1002, 969, 1085, 1843, 1268]
[1226, 941, 1003, 968, 1085, 1840, 1265]
[1226, 941, 1002, 969, 1087, 1840, 1268]
[1223, 940, 1003, 969, 1086, 1841, 1264]
[1223, 941, 1002, 969, 1086, 1839, 1264]
[1227, 940, 1002, 969, 1084, 1841, 1269]
[1223, 942, 1003, 970, 1086, 1842, 1269]
[1228, 942, 1004, 969, 1086, 1844, 1268]
[1226, 943, 1003, 968, 1086, 1843, 1265]
[1226, 942, 1002, 969, 1086, 1844, 1267]
[1230, 941, 1003, 969, 1085, 1842, 1266]
[1226, 941, 1006, 970, 1084, 1838, 1267]
[1227, 941, 1003, 970, 1087, 1844, 1268]
[1226, 941, 1004, 970, 1083, 1844, 1268]
[1227, 943, 1004, 968, 1086, 1843, 1267]
[1227, 943, 1003, 970, 1085, 1844, 1266]
[1229, 942, 1004, 970, 1087, 1841, 1270]
[1227, 942, 1003, 970, 1085, 1841, 1269]
[1226, 942, 1004, 971, 1086, 1842, 1267]
[1231, 942, 1003, 970, 1085, 1845, 1270]
[1227, 942, 1005, 970, 1085, 1845, 1269]
[1229, 943, 1004, 970, 1086, 1846, 1270]
[1233, 944, 1003, 971, 1087, 1851, 1269]
[1235, 943, 1005, 969, 1090, 1854, 1275]
[1232, 945, 1008, 971, 1091, 1856, 1273]
[1235, 946, 1008, 973, 1096, 1866, 1280]
[1239, 950, 1011, 974, 1094, 1882, 1286]
[1248, 955, 1015, 977, 1097, 1905, 1295]
[1251, 962, 1021, 979, 1097, 1926, 1309]
[1259, 968, 1029, 979, 1098, 1948, 1333]
[1268, 977, 1038, 981, 1100, 1968, 1359]
[1267, 991, 1050, 983, 1100, 1994, 1405]
[1275, 1007, 1070, 984, 1103, 2059, 1458]
[1275, 1025, 1094, 986, 1106, 2207, 1455]
[1275, 1039, 1116, 986, 1116, 2626, 1395]
[1275, 1038, 1111, 986, 1135, 2871, 1353]
[1274, 1032, 1104, 986, 1167, 2402, 1331]
[1272, 1017, 1087, 984, 1191, 2169, 1319]
[1270, 998, 1065, 985, 1189, 2058, 1311]
[1267, 983, 1049, 985, 1162, 1990, 1302]
[1259, 970, 1032, 981, 1135, 1944, 1297]
[1253, 959, 1023, 980, 1117, 1908, 1290]
[1245, 953, 1015, 975, 1101, 1885, 1286]
[1240, 950, 1011, 974, 1097, 1872, 1277]
[1237, 946, 1009, 973, 1094, 1862, 1278]
[1237, 946, 1007, 973, 1089, 1857, 1274]
[1231, 943, 1005, 971, 1090, 1856, 1273]
[1232, 945, 1005, 972, 1087, 1847, 1272]
[1232, 944, 1004, 971, 1087, 1848, 1276]
[1232, 943, 1005, 972, 1085, 1848, 1271]
[1230, 943, 1005, 970, 1086, 1841, 1272]
[1229, 944, 1005, 970, 1087, 1847, 1271]
[1228, 942, 1004, 970, 1087, 1846, 1273]
[1230, 942, 1004, 969, 1087, 1846, 1271]
[1228, 942, 1003, 971, 1087, 1843, 1269]
[1229, 942, 1004, 972, 1086, 1846, 1270]
[1227, 943, 1003, 970, 1086, 1843, 1269]
[1227, 942, 1003, 971, 1087, 1839, 1269]
[1226, 941, 1004, 969, 1084, 1842, 1271]
[1228, 942, 1004, 969, 1085, 1845, 1268]
[1226, 941, 1002, 969, 1086, 1845, 1267]
[1226, 940, 1002, 972, 1085, 1837, 1267]
[1224, 940, 1003, 970, 1085, 1837, 1264]
[1222, 939, 1005, 970, 1086, 1845, 1268]
[1226, 940, 1002, 970, 1086, 1841, 1269]
