[4.4539600772695849, 2.8554417058985564, 8.4901960784318362, 14.06878877798772, 5.0948905109489715, 3.920714963303908, 12.92579505300273]
[4.4539600772695849, 8.1445582941014436, 2.5098039215681638, 7.9312112220122799, 3.9051094890510285, 3.920714963303908, 5.9257950530027301]
[18.453960077269585, 14.855441705898556, 2.5098039215681638, 3.0687887779877201, 3.9051094890510285, 16.920714963303908, 1.0742049469972699]
[4.4539600772695849, 8.1445582941014436, 12.509803921568164, 3.0687887779877201, 5.0948905109489715, 6.920714963303908, 1.0742049469972699]
[9.5460399227304151, 2.8554417058985564, 2.5098039215681638, 14.06878877798772, 3.9051094890510285, 3.920714963303908, 12.92579505300273]
[11.453960077269585, 8.1445582941014436, 2.5098039215681638, 3.0687887779877201, 3.9051094890510285, 6.079285036696092, 1.0742049469972699]
[18.453960077269585, 2.8554417058985564, 2.5098039215681638, 3.0687887779877201, 3.9051094890510285, 3.079285036696092, 1.0742049469972699]
[11.453960077269585, 2.8554417058985564, 12.509803921568164, 3.0687887779877201, 3.9051094890510285, 6.079285036696092, 1.0742049469972699]
[4.4539600772695849, 2.8554417058985564, 2.5098039215681638, 14.06878877798772, 3.9051094890510285, 0.079285036696091993, 7.0742049469972699]
[4.4539600772695849, 14.855441705898556, 12.509803921568164, 3.0687887779877201, 5.0948905109489715, 3.920714963303908, 12.92579505300273]
[4.4539600772695849, 14.855441705898556, 8.4901960784318362, 14.06878877798772, 3.9051094890510285, 6.920714963303908, 18.92579505300273]
[22.546039922730415, 2.8554417058985564, 2.5098039215681638, 3.0687887779877201, 5.0948905109489715, 16.079285036696092, 7.0742049469972699]
[2.5460399227304151, 8.1445582941014436, 8.4901960784318362, 3.0687887779877201, 3.9051094890510285, 10.079285036696092, 1.0742049469972699]
[18.453960077269585, 14.855441705898556, 2.5098039215681638, 14.06878877798772, 14.094890510948971, 9.920714963303908, 5.9257950530027301]
[2.5460399227304151, 2.8554417058985564, 8.4901960784318362, 3.0687887779877201, 5.0948905109489715, 9.920714963303908, 18.92579505300273]
[2.5460399227304151, 14.855441705898556, 2.5098039215681638, 3.0687887779877201, 3.9051094890510285, 3.920714963303908, 5.9257950530027301]
[2.5460399227304151, 2.8554417058985564, 18.490196078431836, 3.0687887779877201, 12.905109489051029, 9.920714963303908, 7.0742049469972699]
[4.4539600772695849, 2.8554417058985564, 2.5098039215681638, 3.0687887779877201, 5.0948905109489715, 9.920714963303908, 18.92579505300273]
[4.4539600772695849, 2.8554417058985564, 8.4901960784318362, 3.0687887779877201, 5.0948905109489715, 16.920714963303908, 25.92579505300273]
[2.5460399227304151, 2.8554417058985564, 8.4901960784318362, 14.06878877798772, 5.0948905109489715, 0.079285036696091993, 12.92579505300273]
[2.5460399227304151, 2.8554417058985564, 8.4901960784318362, 25.06878877798772, 14.094890510948971, 13.920714963303908, 12.92579505300273]
[2.5460399227304151, 14.855441705898556, 18.490196078431836, 14.06878877798772, 14.094890510948971, 16.920714963303908, 5.9257950530027301]
[9.5460399227304151, 14.855441705898556, 8.4901960784318362, 25.06878877798772, 14.094890510948971, 36.920714963303908, 1.0742049469972699]
[15.546039922730415, 14.855441705898556, 8.4901960784318362, 14.06878877798772, 5.0948905109489715, 26.920714963303908, 1.0742049469972699]
[29.546039922730415, 14.855441705898556, 8.4901960784318362, 25.06878877798772, 22.094890510948971, 26.920714963303908, 18.92579505300273]
[29.546039922730415, 25.855441705898556, 18.490196078431836, 25.06878877798772, 14.094890510948971, 32.920714963303908, 45.92579505300273]
[36.546039922730415, 25.855441705898556, 28.490196078431836, 14.06878877798772, 22.094890510948971, 19.920714963303908, 32.92579505300273]
[22.546039922730415, 25.855441705898556, 28.490196078431836, 25.06878877798772, 31.094890510948971, 23.920714963303908, 32.92579505300273]
[9.5460399227304151, 14.855441705898556, 28.490196078431836, 14.06878877798772, 14.094890510948971, 23.920714963303908, 52.92579505300273]
[43.546039922730415, 37.855441705898556, 28.490196078431836, 35.06878877798772, 31.094890510948971, 42.920714963303908, 58.92579505300273]
[29.546039922730415, 48.855441705898556, 48.490196078431836, 46.06878877798772, 49.094890510948971, 46.920714963303908, 65.92579505300273]
[63.546039922730415, 59.855441705898556, 48.490196078431836, 57.06878877798772, 57.094890510948971, 88.920714963303908, 71.92579505300273]
[49.546039922730415, 59.855441705898556, 68.490196078431836, 78.06878877798772, 92.094890510948971, 114.92071496330391, 91.92579505300273]
[76.546039922730415, 93.855441705898556, 128.49019607843184, 121.06878877798772, 143.09489051094897, 168.92071496330391, 162.92579505300273]
[90.546039922730415, 115.85544170589856, 216.49019607843184, 194.06878877798772, 228.09489051094897, 278.92071496330391, 207.92579505300273]
[96.546039922730415, 149.85544170589856, 322.49019607843184, 287.06878877798772, 311.09489051094897, 405.92071496330391, 282.92579505300273]
[110.54603992273042, 182.85544170589856, 518.49019607843184, 348.06878877798772, 432.09489051094897, 598.92071496330391, 326.92579505300273]
[143.54603992273042, 258.85544170589856, 817.49019607843184, 348.06878877798772, 496.09489051094897, 817.92071496330391, 338.92579505300273]
[156.54603992273042, 355.85544170589856, 1217.4901960784318, 256.06878877798772, 527.09489051094897, 1053.9207149633039, 368.92579505300273]
[209.54603992273042, 533.85544170589856, 1034.4901960784318, 194.06878877798772, 566.09489051094897, 1379.9207149633039, 368.92579505300273]
[260.54603992273042, 955.85544170589856, 572.49019607843184, 142.06878877798772, 496.09489051094897, 1467.9207149633039, 362.92579505300273]
[368.54603992273042, 1503.8554417058986, 322.49019607843184, 121.06878877798772, 416.09489051094897, 1303.9207149633039, 368.92579505300273]
[586.54603992273042, 974.85544170589856, 216.49019607843184, 100.06878877798772, 368.09489051094897, 1191.9207149633039, 362.92579505300273]
[858.54603992273042, 604.85544170589856, 167.49019607843184, 89.06878877798772, 311.09489051094897, 877.92071496330391, 307.92579505300273]
[981.54603992273042, 408.85544170589856, 148.49019607843184, 68.06878877798772, 253.09489051094897, 635.92071496330391, 270.92579505300273]
[853.54603992273042, 334.85544170589856, 108.49019607843184, 57.06878877798772, 245.09489051094897, 478.92071496330391, 232.92579505300273]
[644.54603992273042, 280.85544170589856, 108.49019607843184, 57.06878877798772, 203.09489051094897, 338.92071496330391, 201.92579505300273]
[411.54603992273042, 215.85544170589856, 88.490196078431836, 57.06878877798772, 169.09489051094897, 227.92071496330391, 130.92579505300273]
[241.54603992273042, 138.85544170589856, 88.490196078431836, 46.06878877798772, 118.09489051094897, 142.92071496330391, 117.92579505300273]
[143.54603992273042, 104.85544170589856, 48.490196078431836, 46.06878877798772, 83.094890510948971, 101.92071496330391, 78.92579505300273]
[103.54603992273042, 59.855441705898556, 48.490196078431836, 35.06878877798772, 40.094890510948971, 55.920714963303908, 58.92579505300273]
[56.546039922730415, 59.855441705898556, 68.490196078431836, 35.06878877798772, 14.094890510948971, 46.920714963303908, 38.92579505300273]
[63.546039922730415, 37.855441705898556, 38.490196078431836, 25.06878877798772, 57.094890510948971, 52.920714963303908, 32.92579505300273]
[36.546039922730415, 37.855441705898556, 18.490196078431836, 25.06878877798772, 31.094890510948971, 36.920714963303908, 45.92579505300273]
[43.546039922730415, 37.855441705898556, 28.490196078431836, 35.06878877798772, 31.094890510948971, 32.920714963303908, 45.92579505300273]
[43.546039922730415, 37.855441705898556, 28.490196078431836, 25.06878877798772, 22.094890510948971, 36.920714963303908, 45.92579505300273]
[22.546039922730415, 25.855441705898556, 28.490196078431836, 25.06878877798772, 14.094890510948971, 19.920714963303908, 32.92579505300273]
[22.546039922730415, 25.855441705898556, 18.490196078431836, 3.0687887779877201, 3.9051094890510285, 13.920714963303908, 52.92579505300273]
[43.546039922730415, 25.855441705898556, 28.490196078431836, 3.0687887779877201, 22.094890510948971, 29.920714963303908, 32.92579505300273]
[22.546039922730415, 25.855441705898556, 28.490196078431836, 7.9312112220122799, 22.094890510948971, 32.920714963303908, 25.92579505300273]
[36.546039922730415, 25.855441705898556, 28.490196078431836, 14.06878877798772, 22.094890510948971, 23.920714963303908, 12.92579505300273]
[29.546039922730415, 25.855441705898556, 2.5098039215681638, 25.06878877798772, 14.094890510948971, 26.920714963303908, 32.92579505300273]
[36.546039922730415, 25.855441705898556, 28.490196078431836, 25.06878877798772, 31.094890510948971, 23.920714963303908, 45.92579505300273]
[49.546039922730415, 25.855441705898556, 28.490196078431836, 25.06878877798772, 22.094890510948971, 36.920714963303908, 18.92579505300273]
[22.546039922730415, 25.855441705898556, 48.490196078431836, 14.06878877798772, 14.094890510948971, 29.920714963303908, 38.92579505300273]
[22.546039922730415, 25.855441705898556, 28.490196078431836, 3.0687887779877201, 31.094890510948971, 26.920714963303908, 25.92579505300273]
[22.546039922730415, 25.855441705898556, 8.4901960784318362, 3.0687887779877201, 14.094890510948971, 32.920714963303908, 45.92579505300273]
[9.5460399227304151, 48.855441705898556, 18.490196078431836, 14.06878877798772, 22.094890510948971, 26.920714963303908, 5.9257950530027301]
[22.546039922730415, 14.855441705898556, 8.4901960784318362, 14.06878877798772, 5.0948905109489715, 19.920714963303908, 25.92579505300273]
[29.546039922730415, 14.855441705898556, 18.490196078431836, 25.06878877798772, 22.094890510948971, 16.920714963303908, 18.92579505300273]
[9.5460399227304151, 14.855441705898556, 18.490196078431836, 14.06878877798772, 14.094890510948971, 3.920714963303908, 18.92579505300273]
[4.4539600772695849, 2.8554417058985564, 2.5098039215681638, 25.06878877798772, 5.0948905109489715, 9.920714963303908, 32.92579505300273]
[4.4539600772695849, 14.855441705898556, 18.490196078431836, 7.9312112220122799, 3.9051094890510285, 9.920714963303908, 1.0742049469972699]
[11.453960077269585, 25.855441705898556, 18.490196078431836, 3.0687887779877201, 14.094890510948971, 9.920714963303908, 18.92579505300273]
[9.5460399227304151, 14.855441705898556, 8.4901960784318362, 3.0687887779877201, 5.0948905109489715, 16.920714963303908, 1.0742049469972699]
[2.5460399227304151, 2.8554417058985564, 2.5098039215681638, 14.06878877798772, 5.0948905109489715, 19.920714963303908, 14.07420494699727]
[9.5460399227304151, 14.855441705898556, 12.509803921568164, 7.9312112220122799, 5.0948905109489715, 23.920714963303908, 5.9257950530027301]
[11.453960077269585, 2.8554417058985564, 2.5098039215681638, 3.0687887779877201, 5.0948905109489715, 9.920714963303908, 18.92579505300273]
[4.4539600772695849, 8.1445582941014436, 2.5098039215681638, 3.0687887779877201, 5.0948905109489715, 6.920714963303908, 14.07420494699727]
[11.453960077269585, 2.8554417058985564, 8.4901960784318362, 3.0687887779877201, 3.9051094890510285, 3.920714963303908, 7.0742049469972699]
[4.4539600772695849, 2.8554417058985564, 8.4901960784318362, 7.9312112220122799, 5.0948905109489715, 3.920714963303908, 1.0742049469972699]
[2.5460399227304151, 2.8554417058985564, 12.509803921568164, 3.0687887779877201, 3.9051094890510285, 13.920714963303908, 7.0742049469972699]
[4.4539600772695849, 8.1445582941014436, 2.5098039215681638, 18.93121122201228, 12.905109489051029, 0.079285036696091993, 27.07420494699727]
[2.5460399227304151, 8.1445582941014436, 8.4901960784318362, 3.0687887779877201, 5.0948905109489715, 9.920714963303908, 7.0742049469972699]
[4.4539600772695849, 19.144558294101444, 2.5098039215681638, 14.06878877798772, 5.0948905109489715, 20.079285036696092, 1.0742049469972699]
[18.453960077269585, 2.8554417058985564, 2.5098039215681638, 3.0687887779877201, 21.905109489051029, 3.079285036696092, 14.07420494699727]
[25.453960077269585, 8.1445582941014436, 12.509803921568164, 7.9312112220122799, 12.905109489051029, 0.079285036696091993, 12.92579505300273]
[18.453960077269585, 14.855441705898556, 2.5098039215681638, 7.9312112220122799, 3.9051094890510285, 0.079285036696091993, 14.07420494699727]
[2.5460399227304151, 14.855441705898556, 12.509803921568164, 14.06878877798772, 5.0948905109489715, 13.920714963303908, 34.07420494699727]
[4.4539600772695849, 2.8554417058985564, 12.509803921568164, 3.0687887779877201, 5.0948905109489715, 19.920714963303908, 14.07420494699727]
[18.453960077269585, 19.144558294101444, 12.509803921568164, 3.0687887779877201, 3.9051094890510285, 6.920714963303908, 12.92579505300273]
