[14.717841143425176, 13.171103359647532, 10.359667359667583, 15.299168975068824, 2.3724304715833568, 6.6872442187268462, 13.945343704014704]
[7.7178411434251757, 2.1711033596475318, 0.35966735966758279, 15.299168975068824, 20.372430471583357, 6.3127557812731538, 18.054656295985296]
[14.717841143425176, 8.8288966403524682, 9.6403326403324172, 5.2991689750688238, 2.3724304715833568, 6.3127557812731538, 12.054656295985296]
[19.282158856574824, 2.1711033596475318, 0.35966735966758279, 5.2991689750688238, 5.6275695284166432, 6.3127557812731538, 0.94534370401470369]
[7.7178411434251757, 13.171103359647532, 0.35966735966758279, 5.2991689750688238, 5.6275695284166432, 9.6872442187268462, 5.0546562959852963]
[7.7178411434251757, 2.1711033596475318, 10.359667359667583, 5.2991689750688238, 5.6275695284166432, 3.3127557812731538, 18.054656295985296]
[0.71784114342517569, 2.1711033596475318, 10.359667359667583, 5.2991689750688238, 11.372430471583357, 0.68724421872684616, 5.0546562959852963]
[12.282158856574824, 8.8288966403524682, 9.6403326403324172, 5.7008310249311762, 2.3724304715833568, 6.6872442187268462, 5.0546562959852963]
[0.71784114342517569, 8.8288966403524682, 0.35966735966758279, 5.2991689750688238, 20.372430471583357, 19.687244218726846, 25.054656295985296]
[14.717841143425176, 8.8288966403524682, 10.359667359667583, 5.2991689750688238, 20.372430471583357, 3.3127557812731538, 12.054656295985296]
[5.2821588565748243, 2.1711033596475318, 0.35966735966758279, 15.299168975068824, 2.3724304715833568, 6.3127557812731538, 0.94534370401470369]
[27.717841143425176, 2.1711033596475318, 10.359667359667583, 15.299168975068824, 2.3724304715833568, 6.6872442187268462, 25.054656295985296]
[19.282158856574824, 2.1711033596475318, 20.359667359667583, 5.2991689750688238, 5.6275695284166432, 16.312755781273154, 12.054656295985296]
[14.717841143425176, 2.1711033596475318, 10.359667359667583, 5.7008310249311762, 5.6275695284166432, 3.3127557812731538, 5.0546562959852963]
[14.717841143425176, 2.1711033596475318, 10.359667359667583, 15.299168975068824, 20.372430471583357, 3.6872442187268462, 12.054656295985296]
[7.7178411434251757, 8.8288966403524682, 9.6403326403324172, 5.7008310249311762, 2.3724304715833568, 6.3127557812731538, 18.054656295985296]
[0.71784114342517569, 8.8288966403524682, 0.35966735966758279, 15.299168975068824, 2.3724304715833568, 9.3127557812731538, 5.0546562959852963]
[5.2821588565748243, 2.1711033596475318, 19.640332640332417, 5.2991689750688238, 2.3724304715833568, 13.312755781273154, 18.054656295985296]
[5.2821588565748243, 2.1711033596475318, 9.6403326403324172, 5.2991689750688238, 5.6275695284166432, 3.3127557812731538, 38.054656295985296]
[19.282158856574824, 2.1711033596475318, 20.359667359667583, 15.299168975068824, 14.627569528416643, 3.3127557812731538, 38.054656295985296]
[0.71784114342517569, 2.1711033596475318, 10.359667359667583, 5.2991689750688238, 2.3724304715833568, 0.68724421872684616, 7.9453437040147037]
[5.2821588565748243, 2.1711033596475318, 10.359667359667583, 5.7008310249311762, 2.3724304715833568, 6.3127557812731538, 18.054656295985296]
[21.717841143425176, 2.1711033596475318, 10.359667359667583, 5.2991689750688238, 20.372430471583357, 13.687244218726846, 32.054656295985296]
[14.717841143425176, 8.8288966403524682, 0.35966735966758279, 5.2991689750688238, 11.372430471583357, 6.6872442187268462, 25.054656295985296]
[21.717841143425176, 2.1711033596475318, 0.35966735966758279, 5.2991689750688238, 20.372430471583357, 19.687244218726846, 12.054656295985296]
[0.71784114342517569, 13.171103359647532, 30.359667359667583, 37.299168975068824, 11.372430471583357, 22.687244218726846, 32.054656295985296]
[21.717841143425176, 25.171103359647532, 30.359667359667583, 26.299168975068824, 2.3724304715833568, 16.687244218726846, 32.054656295985296]
[27.717841143425176, 36.171103359647532, 30.359667359667583, 15.299168975068824, 37.372430471583357, 35.687244218726846, 58.054656295985296]
[34.717841143425176, 47.171103359647532, 50.359667359667583, 37.299168975068824, 63.372430471583357, 70.687244218726846, 77.054656295985296]
[61.717841143425176, 58.171103359647532, 90.359667359667583, 89.299168975068824, 114.37243047158336, 117.68724421872685, 109.0546562959853]
[67.717841143425176, 81.171103359647532, 149.35966735966758, 162.29916897506882, 181.37243047158336, 191.68724421872685, 185.0546562959853]
[81.717841143425176, 114.17110335964753, 235.35966735966758, 234.29916897506882, 248.37243047158336, 313.68724421872685, 241.0546562959853]
[107.71784114342518, 169.17110335964753, 395.35966735966758, 295.29916897506882, 289.37243047158336, 519.68724421872685, 339.0546562959853]
[147.71784114342518, 266.17110335964753, 699.35966735966758, 265.29916897506882, 289.37243047158336, 779.68724421872685, 428.0546562959853]
[153.71784114342518, 445.17110335964753, 785.35966735966758, 204.29916897506882, 248.37243047158336, 955.68724421872685, 532.0546562959853]
[387.71784114342518, 637.17110335964753, 255.35966735966758, 100.29916897506882, 181.37243047158336, 571.68724421872685, 386.0546562959853]
[405.71784114342518, 465.17110335964753, 187.35966735966758, 89.299168975068824, 190.37243047158336, 409.68724421872685, 314.0546562959853]
[375.71784114342518, 330.17110335964753, 149.35966735966758, 79.299168975068824, 165.37243047158336, 301.68724421872685, 210.0546562959853]
[294.71784114342518, 223.17110335964753, 109.35966735966758, 68.299168975068824, 148.37243047158336, 203.68724421872685, 147.0546562959853]
[218.71784114342518, 147.17110335964753, 70.359667359667583, 37.299168975068824, 114.37243047158336, 121.68724421872685, 96.054656295985296]
[127.71784114342518, 103.17110335964753, 60.359667359667583, 26.299168975068824, 88.372430471583357, 70.687244218726846, 58.054656295985296]
[81.717841143425176, 58.171103359647532, 40.359667359667583, 26.299168975068824, 63.372430471583357, 51.687244218726846, 51.054656295985296]
[74.717841143425176, 36.171103359647532, 30.359667359667583, 37.299168975068824, 46.372430471583357, 32.687244218726846, 32.054656295985296]
[61.717841143425176, 13.171103359647532, 20.359667359667583, 15.299168975068824, 20.372430471583357, 25.687244218726846, 5.0546562959852963]
[14.717841143425176, 13.171103359647532, 0.35966735966758279, 26.299168975068824, 11.372430471583357, 13.687244218726846, 25.054656295985296]
[7.7178411434251757, 13.171103359647532, 0.35966735966758279, 5.2991689750688238, 11.372430471583357, 9.6872442187268462, 18.054656295985296]
[0.71784114342517569, 25.171103359647532, 10.359667359667583, 5.2991689750688238, 5.6275695284166432, 6.3127557812731538, 12.054656295985296]
[7.7178411434251757, 13.171103359647532, 10.359667359667583, 26.299168975068824, 5.6275695284166432, 6.3127557812731538, 12.054656295985296]
[5.2821588565748243, 13.171103359647532, 10.359667359667583, 5.2991689750688238, 5.6275695284166432, 0.68724421872684616, 18.054656295985296]
[21.717841143425176, 2.1711033596475318, 9.6403326403324172, 5.2991689750688238, 11.372430471583357, 16.687244218726846, 12.054656295985296]
[21.717841143425176, 2.1711033596475318, 0.35966735966758279, 5.2991689750688238, 2.3724304715833568, 13.312755781273154, 7.9453437040147037]
[0.71784114342517569, 8.8288966403524682, 10.359667359667583, 15.299168975068824, 2.3724304715833568, 13.312755781273154, 18.054656295985296]
[0.71784114342517569, 2.1711033596475318, 10.359667359667583, 5.2991689750688238, 5.6275695284166432, 13.312755781273154, 5.0546562959852963]
[7.7178411434251757, 2.1711033596475318, 10.359667359667583, 5.2991689750688238, 2.3724304715833568, 19.312755781273154, 5.0546562959852963]
[7.7178411434251757, 2.1711033596475318, 0.35966735966758279, 5.2991689750688238, 20.372430471583357, 3.6872442187268462, 7.9453437040147037]
[0.71784114342517569, 8.8288966403524682, 0.35966735966758279, 5.2991689750688238, 5.6275695284166432, 3.6872442187268462, 7.9453437040147037]
[5.2821588565748243, 2.1711033596475318, 9.6403326403324172, 5.7008310249311762, 2.3724304715833568, 0.68724421872684616, 5.0546562959852963]
[7.7178411434251757, 2.1711033596475318, 9.6403326403324172, 5.2991689750688238, 5.6275695284166432, 13.312755781273154, 0.94534370401470369]
[0.71784114342517569, 2.1711033596475318, 9.6403326403324172, 5.2991689750688238, 5.6275695284166432, 9.3127557812731538, 5.0546562959852963]
[12.282158856574824, 8.8288966403524682, 10.359667359667583, 5.7008310249311762, 5.6275695284166432, 3.6872442187268462, 5.0546562959852963]
[12.282158856574824, 8.8288966403524682, 9.6403326403324172, 5.2991689750688238, 14.627569528416643, 0.68724421872684616, 0.94534370401470369]
