[7.5551509959304894, 15.082619508151765, 8.5555748674723873, 5.5177050649945159, 11.524868580672774, 20.892759528896931, 6.8156652813977416]
[19.444849004069511, 15.082619508151765, 1.4444251325276127, 5.5177050649945159, 5.4751314193272265, 6.8927595288969314, 12.815665281397742]
[1.5551509959304894, 3.0826195081517653, 11.444425132527613, 15.482294935005484, 5.4751314193272265, 3.8927595288969314, 6.8156652813977416]
[5.4448490040695106, 15.082619508151765, 11.444425132527613, 15.482294935005484, 5.4751314193272265, 29.892759528896931, 12.815665281397742]
[5.4448490040695106, 26.082619508151765, 1.4444251325276127, 15.482294935005484, 3.5248685806727735, 13.892759528896931, 0.18433471860225836]
[19.444849004069511, 3.0826195081517653, 1.4444251325276127, 4.4822949350054841, 3.5248685806727735, 6.8927595288969314, 7.1843347186022584]
[1.5551509959304894, 3.0826195081517653, 1.4444251325276127, 5.5177050649945159, 3.5248685806727735, 3.8927595288969314, 0.18433471860225836]
[1.5551509959304894, 3.0826195081517653, 8.5555748674723873, 15.482294935005484, 5.4751314193272265, 13.892759528896931, 6.8156652813977416]
[5.4448490040695106, 15.082619508151765, 1.4444251325276127, 15.482294935005484, 14.475131419327226, 26.892759528896931, 39.815665281397742]
[26.444849004069511, 15.082619508151765, 1.4444251325276127, 15.482294935005484, 5.4751314193272265, 3.8927595288969314, 12.815665281397742]
[26.444849004069511, 3.0826195081517653, 11.444425132527613, 15.482294935005484, 14.475131419327226, 20.892759528896931, 12.815665281397742]
[1.5551509959304894, 3.0826195081517653, 21.444425132527613, 15.482294935005484, 5.4751314193272265, 6.8927595288969314, 52.815665281397742]
[19.444849004069511, 26.082619508151765, 21.444425132527613, 26.482294935005484, 23.475131419327226, 6.8927595288969314, 32.815665281397742]
[12.444849004069511, 15.082619508151765, 21.444425132527613, 4.4822949350054841, 14.475131419327226, 16.892759528896931, 26.815665281397742]
[19.444849004069511, 26.082619508151765, 21.444425132527613, 15.482294935005484, 5.4751314193272265, 16.892759528896931, 26.815665281397742]
[19.444849004069511, 26.082619508151765, 21.444425132527613, 15.482294935005484, 14.475131419327226, 29.892759528896931, 32.815665281397742]
[46.444849004069511, 37.082619508151765, 31.444425132527613, 15.482294935005484, 23.475131419327226, 26.892759528896931, 52.815665281397742]
[19.444849004069511, 15.082619508151765, 21.444425132527613, 15.482294935005484, 14.475131419327226, 13.892759528896931, 32.815665281397742]
[26.444849004069511, 26.082619508151765, 21.444425132527613, 26.482294935005484, 5.4751314193272265, 20.892759528896931, 32.815665281397742]
[26.444849004069511, 37.082619508151765, 31.444425132527613, 26.482294935005484, 14.475131419327226, 29.892759528896931, 45.815665281397742]
[32.444849004069511, 37.082619508151765, 31.444425132527613, 26.482294935005484, 23.475131419327226, 46.892759528896931, 32.815665281397742]
[32.444849004069511, 37.082619508151765, 31.444425132527613, 37.482294935005484, 31.475131419327226, 46.892759528896931, 58.815665281397742]
[46.444849004069511, 26.082619508151765, 31.444425132527613, 37.482294935005484, 23.475131419327226, 36.892759528896931, 45.815665281397742]
[66.444849004069511, 37.082619508151765, 31.444425132527613, 37.482294935005484, 23.475131419327226, 39.892759528896931, 52.815665281397742]
[39.444849004069511, 37.082619508151765, 41.444425132527613, 37.482294935005484, 40.475131419327226, 29.892759528896931, 58.815665281397742]
[59.444849004069511, 37.082619508151765, 51.444425132527613, 37.482294935005484, 57.475131419327226, 46.892759528896931, 58.815665281397742]
[53.444849004069511, 48.082619508151765, 41.444425132527613, 47.482294935005484, 49.475131419327226, 56.892759528896931, 52.815665281397742]
[46.444849004069511, 48.082619508151765, 61.444425132527613, 58.482294935005484, 66.475131419327226, 65.892759528896931, 78.815665281397742]
[66.444849004069511, 82.082619508151765, 81.444425132527613, 69.482294935005484, 100.47513141932723, 107.89275952889693, 110.81566528139774]
[79.444849004069511, 93.082619508151765, 111.44442513252761, 121.48229493500548, 143.47513141932723, 157.89275952889693, 143.81566528139774]
[93.444849004069511, 127.08261950815177, 189.44442513252761, 184.48229493500548, 194.47513141932723, 249.89275952889693, 200.81566528139774]
[113.44484900406951, 149.08261950815177, 286.44442513252761, 246.48229493500548, 227.47513141932723, 364.89275952889693, 281.81566528139774]
[126.44484900406951, 225.08261950815177, 417.44442513252761, 287.48229493500548, 219.47513141932723, 513.89275952889693, 415.81566528139774]
[146.44484900406951, 290.08261950815177, 661.44442513252761, 297.48229493500548, 194.47513141932723, 687.89275952889693, 601.81566528139774]
[192.44484900406951, 480.08261950815177, 892.44442513252761, 225.48229493500548, 168.47513141932723, 722.89275952889693, 852.81566528139774]
[250.44484900406951, 847.08261950815177, 608.44442513252761, 163.48229493500548, 143.47513141932723, 676.89275952889693, 977.81566528139774]
[376.44484900406951, 1099.0826195081518, 398.44442513252761, 121.48229493500548, 134.47513141932723, 588.89275952889693, 868.81566528139774]
[480.44484900406951, 857.08261950815177, 286.44442513252761, 111.48229493500548, 143.47513141932723, 516.89275952889693, 657.81566528139774]
[539.44484900406951, 592.08261950815177, 209.44442513252761, 90.482294935005484, 160.47513141932723, 452.89275952889693, 485.81566528139774]
[516.44484900406951, 428.08261950815177, 170.44442513252761, 90.482294935005484, 151.47513141932723, 387.89275952889693, 324.81566528139774]
[455.44484900406951, 322.08261950815177, 140.44442513252761, 79.482294935005484, 134.47513141932723, 300.89275952889693, 256.81566528139774]
[345.44484900406951, 225.08261950815177, 121.44442513252761, 69.482294935005484, 134.47513141932723, 204.89275952889693, 149.81566528139774]
[262.44484900406951, 171.08261950815177, 81.444425132527613, 58.482294935005484, 117.47513141932723, 142.89275952889693, 91.815665281397742]
[172.44484900406951, 127.08261950815177, 81.444425132527613, 37.482294935005484, 92.475131419327226, 94.892759528896931, 85.815665281397742]
[99.444849004069511, 82.082619508151765, 51.444425132527613, 47.482294935005484, 83.475131419327226, 78.892759528896931, 72.815665281397742]
[73.444849004069511, 48.082619508151765, 51.444425132527613, 47.482294935005484, 49.475131419327226, 65.892759528896931, 52.815665281397742]
[46.444849004069511, 48.082619508151765, 41.444425132527613, 37.482294935005484, 31.475131419327226, 36.892759528896931, 58.815665281397742]
[32.444849004069511, 37.082619508151765, 51.444425132527613, 37.482294935005484, 14.475131419327226, 43.892759528896931, 65.815665281397742]
[39.444849004069511, 48.082619508151765, 31.444425132527613, 37.482294935005484, 14.475131419327226, 43.892759528896931, 32.815665281397742]
[46.444849004069511, 37.082619508151765, 21.444425132527613, 37.482294935005484, 23.475131419327226, 33.892759528896931, 45.815665281397742]
[26.444849004069511, 37.082619508151765, 31.444425132527613, 4.4822949350054841, 5.4751314193272265, 29.892759528896931, 45.815665281397742]
[32.444849004069511, 26.082619508151765, 31.444425132527613, 37.482294935005484, 40.475131419327226, 33.892759528896931, 39.815665281397742]
[32.444849004069511, 26.082619508151765, 31.444425132527613, 26.482294935005484, 31.475131419327226, 33.892759528896931, 32.815665281397742]
[39.444849004069511, 37.082619508151765, 21.444425132527613, 26.482294935005484, 31.475131419327226, 13.892759528896931, 26.815665281397742]
[32.444849004069511, 26.082619508151765, 31.444425132527613, 26.482294935005484, 31.475131419327226, 33.892759528896931, 32.815665281397742]
[19.444849004069511, 26.082619508151765, 41.444425132527613, 26.482294935005484, 14.475131419327226, 26.892759528896931, 39.815665281397742]
[32.444849004069511, 26.082619508151765, 31.444425132527613, 26.482294935005484, 23.475131419327226, 39.892759528896931, 32.815665281397742]
[26.444849004069511, 26.082619508151765, 21.444425132527613, 15.482294935005484, 5.4751314193272265, 23.892759528896931, 32.815665281397742]
[12.444849004069511, 37.082619508151765, 21.444425132527613, 15.482294935005484, 31.475131419327226, 36.892759528896931, 52.815665281397742]
[39.444849004069511, 37.082619508151765, 11.444425132527613, 5.5177050649945159, 23.475131419327226, 23.892759528896931, 32.815665281397742]
[26.444849004069511, 15.082619508151765, 21.444425132527613, 26.482294935005484, 23.475131419327226, 26.892759528896931, 32.815665281397742]
[19.444849004069511, 15.082619508151765, 31.444425132527613, 26.482294935005484, 14.475131419327226, 20.892759528896931, 52.815665281397742]
