[3.882655981683456, 10.102786491972438, 5.1012283299933188, 20.559050871832369, 18.426023510335654, 2.2445419200475953, 2.7459902494174457]
[10.882655981683456, 10.102786491972438, 5.1012283299933188, 9.559050871832369, 7.5739764896643464, 5.2445419200475953, 24.254009750582554]
[3.882655981683456, 10.102786491972438, 5.1012283299933188, 20.559050871832369, 1.4260235103356536, 10.755458079952405, 24.254009750582554]
[17.882655981683456, 1.8972135080275621, 15.101228329993319, 12.440949128167631, 18.426023510335654, 4.7554580799524047, 15.745990249417446]
[10.117344018316544, 33.102786491972438, 5.8987716700066812, 1.440949128167631, 7.5739764896643464, 2.2445419200475953, 4.2540097505825543]
[3.882655981683456, 10.102786491972438, 5.8987716700066812, 9.559050871832369, 1.4260235103356536, 4.7554580799524047, 4.2540097505825543]
[10.117344018316544, 1.8972135080275621, 5.1012283299933188, 1.440949128167631, 18.426023510335654, 7.7554580799524047, 24.254009750582554]
[3.882655981683456, 1.8972135080275621, 5.1012283299933188, 1.440949128167631, 1.4260235103356536, 15.244541920047595, 8.7459902494174457]
[10.882655981683456, 1.8972135080275621, 5.1012283299933188, 9.559050871832369, 10.426023510335654, 14.755458079952405, 17.254009750582554]
[10.882655981683456, 1.8972135080275621, 5.1012283299933188, 9.559050871832369, 7.5739764896643464, 5.2445419200475953, 31.254009750582554]
[10.882655981683456, 1.8972135080275621, 5.1012283299933188, 1.440949128167631, 10.426023510335654, 2.2445419200475953, 11.254009750582554]
[10.117344018316544, 10.102786491972438, 15.101228329993319, 20.559050871832369, 1.4260235103356536, 9.2445419200475953, 4.2540097505825543]
[3.117344018316544, 21.102786491972438, 5.1012283299933188, 1.440949128167631, 10.426023510335654, 10.755458079952405, 2.7459902494174457]
[16.117344018316544, 1.8972135080275621, 15.101228329993319, 20.559050871832369, 10.426023510335654, 10.755458079952405, 2.7459902494174457]
[16.117344018316544, 1.8972135080275621, 5.1012283299933188, 9.559050871832369, 1.4260235103356536, 7.7554580799524047, 24.254009750582554]
[3.117344018316544, 1.8972135080275621, 15.101228329993319, 9.559050871832369, 1.4260235103356536, 10.755458079952405, 17.254009750582554]
[16.117344018316544, 1.8972135080275621, 25.101228329993319, 30.559050871832369, 7.5739764896643464, 4.7554580799524047, 31.254009750582554]
[10.882655981683456, 21.102786491972438, 15.101228329993319, 1.440949128167631, 1.4260235103356536, 7.7554580799524047, 4.2540097505825543]
[3.117344018316544, 10.102786491972438, 15.101228329993319, 20.559050871832369, 1.4260235103356536, 10.755458079952405, 4.2540097505825543]
[3.117344018316544, 21.102786491972438, 5.8987716700066812, 9.559050871832369, 10.426023510335654, 17.755458079952405, 4.2540097505825543]
[3.882655981683456, 1.8972135080275621, 5.8987716700066812, 1.440949128167631, 1.4260235103356536, 4.7554580799524047, 4.2540097505825543]
[3.117344018316544, 21.102786491972438, 5.1012283299933188, 9.559050871832369, 10.426023510335654, 14.755458079952405, 24.254009750582554]
[10.117344018316544, 10.102786491972438, 25.101228329993319, 30.559050871832369, 18.426023510335654, 20.755458079952405, 24.254009750582554]
[3.882655981683456, 10.102786491972438, 15.101228329993319, 9.559050871832369, 1.4260235103356536, 14.755458079952405, 11.254009750582554]
[10.117344018316544, 1.8972135080275621, 15.101228329993319, 1.440949128167631, 7.5739764896643464, 10.755458079952405, 11.254009750582554]
[3.882655981683456, 21.102786491972438, 25.101228329993319, 9.559050871832369, 1.4260235103356536, 17.755458079952405, 17.254009750582554]
[30.117344018316544, 33.102786491972438, 15.101228329993319, 30.559050871832369, 10.426023510335654, 30.755458079952405, 44.254009750582554]
[16.117344018316544, 21.102786491972438, 5.8987716700066812, 9.559050871832369, 10.426023510335654, 23.755458079952405, 4.2540097505825543]
[37.117344018316544, 21.102786491972438, 15.101228329993319, 30.559050871832369, 18.426023510335654, 14.755458079952405, 37.254009750582554]
[16.117344018316544, 21.102786491972438, 35.101228329993319, 41.559050871832369, 36.426023510335654, 17.755458079952405, 37.254009750582554]
[16.117344018316544, 33.102786491972438, 35.101228329993319, 30.559050871832369, 18.426023510335654, 20.755458079952405, 37.254009750582554]
[3.117344018316544, 33.102786491972438, 35.101228329993319, 52.559050871832369, 27.426023510335654, 27.755458079952405, 51.254009750582554]
[37.117344018316544, 55.102786491972438, 35.101228329993319, 41.559050871832369, 27.426023510335654, 37.755458079952405, 44.254009750582554]
[44.117344018316544, 44.102786491972438, 45.101228329993319, 52.559050871832369, 36.426023510335654, 43.755458079952405, 37.254009750582554]
[44.117344018316544, 44.102786491972438, 55.101228329993319, 41.559050871832369, 62.426023510335654, 56.755458079952405, 70.254009750582554]
[57.117344018316544, 55.102786491972438, 85.101228329993319, 84.559050871832369, 88.426023510335654, 89.755458079952405, 90.254009750582554]
[57.117344018316544, 78.102786491972438, 95.101228329993319, 105.55905087183237, 114.42602351033565, 133.7554580799524, 142.25400975058255]
[71.117344018316544, 100.10278649197244, 145.10122832999332, 158.55905087183237, 173.42602351033565, 181.7554580799524, 180.25400975058255]
[84.117344018316544, 122.10278649197244, 233.10122832999332, 220.55905087183237, 232.42602351033565, 281.7554580799524, 231.25400975058255]
[111.11734401831654, 178.10278649197244, 338.10122832999332, 292.55905087183237, 331.42602351033565, 416.7554580799524, 263.25400975058255]
[124.11734401831654, 222.10278649197244, 524.10122832999332, 343.55905087183237, 396.42602351033565, 629.7554580799524, 343.25400975058255]
[157.11734401831654, 287.10278649197244, 823.10122832999332, 323.55905087183237, 428.42602351033565, 858.7554580799524, 392.25400975058255]
[157.11734401831654, 425.10278649197244, 965.10122832999332, 231.55905087183237, 460.42602351033565, 1151.7554580799524, 416.25400975058255]
[223.11734401831654, 827.10278649197244, 587.10122832999332, 179.55905087183237, 468.42602351033565, 1035.7554580799524, 379.25400975058255]
[319.11734401831654, 913.10278649197244, 366.10122832999332, 137.55905087183237, 428.42602351033565, 791.7554580799524, 337.25400975058255]
[431.11734401831654, 680.10278649197244, 271.10122832999332, 126.55905087183237, 412.42602351033565, 600.7554580799524, 269.25400975058255]
[485.11734401831654, 508.10278649197244, 223.10122832999332, 95.559050871832369, 380.42602351033565, 427.7554580799524, 225.25400975058255]
[406.11734401831654, 372.10278649197244, 164.10122832999332, 84.559050871832369, 299.42602351033565, 284.7554580799524, 174.25400975058255]
[312.11734401831654, 265.10278649197244, 125.10122832999332, 84.559050871832369, 232.42602351033565, 187.7554580799524, 148.25400975058255]
[197.11734401831654, 156.10278649197244, 95.101228329993319, 73.559050871832369, 148.42602351033565, 127.7554580799524, 116.25400975058255]
[111.11734401831654, 89.102786491972438, 65.101228329993319, 52.559050871832369, 71.426023510335654, 69.755458079952405, 90.254009750582554]
[77.117344018316544, 78.102786491972438, 75.101228329993319, 63.559050871832369, 45.426023510335654, 56.755458079952405, 77.254009750582554]
[44.117344018316544, 33.102786491972438, 45.101228329993319, 30.559050871832369, 36.426023510335654, 37.755458079952405, 83.254009750582554]
[50.117344018316544, 44.102786491972438, 45.101228329993319, 41.559050871832369, 27.426023510335654, 46.755458079952405, 57.254009750582554]
[50.117344018316544, 44.102786491972438, 35.101228329993319, 41.559050871832369, 36.426023510335654, 46.755458079952405, 51.254009750582554]
[37.117344018316544, 44.102786491972438, 35.101228329993319, 20.559050871832369, 36.426023510335654, 30.755458079952405, 24.254009750582554]
[30.117344018316544, 44.102786491972438, 15.101228329993319, 52.559050871832369, 36.426023510335654, 20.755458079952405, 31.254009750582554]
[30.117344018316544, 33.102786491972438, 25.101228329993319, 41.559050871832369, 18.426023510335654, 23.755458079952405, 37.254009750582554]
[37.117344018316544, 33.102786491972438, 35.101228329993319, 52.559050871832369, 27.426023510335654, 10.755458079952405, 37.254009750582554]
[16.117344018316544, 33.102786491972438, 25.101228329993319, 41.559050871832369, 18.426023510335654, 20.755458079952405, 24.254009750582554]
[16.117344018316544, 33.102786491972438, 25.101228329993319, 41.559050871832369, 1.4260235103356536, 27.755458079952405, 31.254009750582554]
[50.117344018316544, 21.102786491972438, 25.101228329993319, 30.559050871832369, 36.426023510335654, 27.755458079952405, 37.254009750582554]
[37.117344018316544, 33.102786491972438, 25.101228329993319, 20.559050871832369, 27.426023510335654, 27.755458079952405, 31.254009750582554]
[23.117344018316544, 33.102786491972438, 25.101228329993319, 30.559050871832369, 45.426023510335654, 46.755458079952405, 51.254009750582554]
[37.117344018316544, 33.102786491972438, 35.101228329993319, 30.559050871832369, 18.426023510335654, 33.755458079952405, 31.254009750582554]
[23.117344018316544, 33.102786491972438, 45.101228329993319, 30.559050871832369, 36.426023510335654, 33.755458079952405, 51.254009750582554]
[23.117344018316544, 10.102786491972438, 35.101228329993319, 30.559050871832369, 27.426023510335654, 27.755458079952405, 44.254009750582554]
[10.117344018316544, 21.102786491972438, 35.101228329993319, 41.559050871832369, 36.426023510335654, 30.755458079952405, 37.254009750582554]
[23.117344018316544, 33.102786491972438, 25.101228329993319, 20.559050871832369, 36.426023510335654, 27.755458079952405, 17.254009750582554]
[16.117344018316544, 21.102786491972438, 15.101228329993319, 20.559050871832369, 10.426023510335654, 4.7554580799524047, 4.2540097505825543]
[16.117344018316544, 10.102786491972438, 5.1012283299933188, 1.440949128167631, 18.426023510335654, 20.755458079952405, 24.254009750582554]
[16.117344018316544, 10.102786491972438, 15.101228329993319, 20.559050871832369, 27.426023510335654, 20.755458079952405, 2.7459902494174457]
[16.117344018316544, 10.102786491972438, 5.1012283299933188, 9.559050871832369, 18.426023510335654, 14.755458079952405, 4.2540097505825543]
[3.882655981683456, 1.8972135080275621, 5.8987716700066812, 20.559050871832369, 7.5739764896643464, 17.755458079952405, 24.254009750582554]
