[1164, 903, 957, 928, 1028, 1670, 1181]
[1164, 902, 956, 926, 1027, 1670, 1180]
[1162, 904, 956, 927, 1027, 1674, 1179]
[1164, 902, 955, 927, 1028, 1671, 1179]
[1166, 903, 956, 928, 1027, 1670, 1181]
[1163, 902, 956, 927, 1027, 1667, 1179]
[1162, 903, 956, 927, 1027, 1668, 1179]
[1163, 903, 955, 927, 1027, 1667, 1179]
[1164, 903, 956, 928, 1027, 1669, 1178]
[1164, 904, 955, 927, 1028, 1670, 1181]
[1164, 904, 957, 928, 1027, 1671, 1182]
[1168, 903, 956, 927, 1028, 1664, 1178]
[1165, 902, 957, 927, 1027, 1666, 1179]
[1162, 904, 956, 928, 1029, 1672, 1180]
[1165, 903, 957, 927, 1028, 1672, 1182]
[1165, 904, 956, 927, 1027, 1670, 1180]
[1165, 903, 958, 927, 1026, 1672, 1178]
[1164, 903, 956, 927, 1028, 1672, 1182]
[1164, 903, 957, 927, 1028, 1674, 1183]
[1165, 903, 957, 928, 1028, 1669, 1181]
[1165, 903, 957, 929, 1029, 1673, 1181]
[1165, 904, 958, 928, 1029, 1674, 1180]
[1166, 904, 957, 929, 1029, 1680, 1179]
[1167, 904, 957, 928, 1028, 1677, 1179]
[1169, 904, 957, 929, 1030, 1677, 1182]
[1169, 905, 958, 929, 1029, 1679, 1186]
[1170, 905, 959, 928, 1030, 1675, 1184]
[1168, 905, 959, 929, 1031, 1676, 1184]
[1166, 904, 959, 928, 1029, 1676, 1187]
[1171, 906, 959, 930, 1031, 1682, 1188]
[1169, 907, 961, 931, 1033, 1683, 1189]
[1174, 908, 961, 932, 1034, 1696, 1190]
[1172, 908, 963, 934, 1038, 1704, 1193]
[1176, 911, 969, 938, 1044, 1721, 1204]
[1178, 913, 978, 945, 1054, 1757, 1211]
[1179, 916, 989, 954, 1064, 1800, 1223]
[1181, 919, 1010, 960, 1079, 1870, 1230]
[1186, 926, 1044, 960, 1087, 1956, 1232]
[1188, 935, 1093, 951, 1091, 2058, 1237]
[1196, 952, 1070, 945, 1096, 2218, 1237]
[1204, 995, 1016, 940, 1087, 2266, 1236]
[1221, 1057, 989, 938, 1077, 2179, 1237]
[1257, 997, 978, 936, 1071, 2123, 1236]
[1305, 959, 973, 935, 1064, 1981, 1227]
[1328, 940, 971, 933, 1057, 1884, 1221]
[1304, 933, 967, 932, 1056, 1826, 1215]
[1267, 928, 967, 932, 1051, 1777, 1210]
[1228, 922, 965, 932, 1047, 1740, 1199]
[1201, 915, 965, 931, 1041, 1713, 1197]
[1186, 912, 961, 931, 1037, 1700, 1191]
[1180, 908, 961, 930, 1032, 1686, 1188]
[1173, 908, 963, 930, 1029, 1683, 1185]
[1174, 906, 960, 929, 1034, 1685, 1184]
[1170, 906, 958, 929, 1031, 1680, 1186]
[1171, 906, 959, 930, 1031, 1679, 1186]
[1171, 906, 959, 929, 1030, 1680, 1186]
[1168, 905, 959, 929, 1029, 1675, 1184]
[1168, 905, 958, 927, 1027, 1673, 1187]
[1171, 905, 959, 927, 1030, 1678, 1184]
[1168, 905, 959, 926, 1030, 1679, 1183]
[1170, 905, 959, 928, 1030, 1676, 1181]
[1169, 905, 956, 929, 1029, 1677, 1184]
[1170, 905, 959, 929, 1031, 1676, 1186]
[1172, 905, 959, 929, 1030, 1680, 1182]
[1168, 905, 961, 928, 1029, 1678, 1185]
[1168, 905, 959, 927, 1031, 1677, 1183]
[1168, 905, 957, 927, 1029, 1679, 1186]
[1166, 907, 958, 928, 1030, 1677, 1180]
[1168, 904, 957, 928, 1028, 1675, 1183]
[1169, 904, 958, 929, 1030, 1674, 1182]
[1166, 904, 958, 928, 1029, 1670, 1182]
[1164, 903, 956, 929, 1028, 1672, 1184]
[1164, 904, 958, 926, 1027, 1672, 1179]
[1163, 905, 958, 927, 1029, 1672, 1182]
[1166, 904, 957, 927, 1028, 1674, 1179]
[1165, 903, 956, 928, 1028, 1675, 1177]
[1166, 904, 955, 926, 1028, 1676, 1180]
[1163, 903, 956, 927, 1028, 1672, 1182]
[1164, 902, 956, 927, 1028, 1671, 1177]
[1163, 903, 957, 927, 1027, 1670, 1178]
[1164, 903, 957, 926, 1028, 1670, 1179]
[1165, 903, 955, 927, 1027, 1673, 1178]
[1164, 902, 956, 925, 1026, 1669, 1175]
[1165, 902, 957, 927, 1028, 1672, 1178]
[1164, 901, 956, 928, 1028, 1663, 1179]
[1162, 903, 956, 927, 1025, 1668, 1177]
[1161, 902, 955, 926, 1026, 1669, 1181]
[1162, 904, 956, 926, 1027, 1669, 1177]
[1165, 904, 955, 928, 1028, 1673, 1174]
[1164, 903, 955, 927, 1028, 1675, 1177]
[1162, 901, 955, 927, 1027, 1671, 1181]
