[1164, 904, 957, 929, 1030, 1671, 1179]
[1163, 904, 957, 928, 1027, 1670, 1183]
[1164, 904, 957, 929, 1028, 1675, 1183]
[1162, 903, 958, 926, 1030, 1673, 1177]
[1166, 906, 956, 927, 1027, 1671, 1180]
[1164, 904, 956, 928, 1028, 1673, 1180]
[1166, 903, 957, 927, 1030, 1674, 1183]
[1164, 903, 957, 927, 1028, 1667, 1178]
[1163, 903, 957, 928, 1029, 1676, 1182]
[1163, 903, 957, 928, 1027, 1670, 1184]
[1163, 903, 957, 927, 1029, 1671, 1181]
[1166, 904, 958, 929, 1028, 1669, 1180]
[1165, 905, 957, 927, 1029, 1675, 1179]
[1167, 903, 958, 929, 1029, 1675, 1179]
[1167, 903, 957, 928, 1028, 1674, 1183]
[1165, 903, 958, 928, 1028, 1675, 1182]
[1167, 903, 959, 930, 1027, 1673, 1184]
[1163, 905, 958, 927, 1028, 1674, 1180]
[1165, 904, 958, 929, 1028, 1675, 1180]
[1165, 905, 956, 928, 1029, 1677, 1180]
[1164, 903, 956, 927, 1028, 1673, 1180]
[1165, 905, 957, 928, 1029, 1676, 1183]
[1166, 904, 959, 930, 1030, 1678, 1183]
[1164, 904, 958, 928, 1028, 1676, 1181]
[1166, 903, 958, 927, 1027, 1675, 1181]
[1164, 905, 959, 928, 1028, 1677, 1182]
[1169, 906, 958, 930, 1029, 1681, 1186]
[1167, 905, 956, 928, 1029, 1679, 1180]
[1170, 905, 958, 930, 1030, 1676, 1185]
[1167, 905, 960, 931, 1032, 1677, 1185]
[1167, 906, 960, 930, 1030, 1678, 1185]
[1165, 906, 960, 932, 1031, 1680, 1187]
[1170, 908, 960, 931, 1031, 1683, 1186]
[1171, 907, 961, 932, 1032, 1685, 1185]
[1171, 907, 962, 931, 1035, 1689, 1190]
[1173, 908, 965, 935, 1038, 1699, 1193]
[1173, 910, 966, 937, 1041, 1713, 1201]
[1175, 912, 971, 942, 1048, 1728, 1207]
[1177, 914, 980, 948, 1055, 1761, 1215]
[1181, 919, 991, 955, 1067, 1807, 1220]
[1183, 923, 1011, 960, 1075, 1885, 1233]
[1188, 929, 1045, 958, 1079, 1977, 1241]
[1188, 942, 1062, 949, 1083, 2108, 1245]
[1198, 982, 1018, 944, 1084, 2054, 1239]
[1213, 991, 994, 940, 1079, 1949, 1232]
[1231, 967, 984, 939, 1077, 1874, 1221]
[1240, 950, 979, 936, 1073, 1811, 1214]
[1227, 937, 973, 935, 1063, 1762, 1206]
[1212, 927, 969, 935, 1055, 1730, 1202]
[1194, 917, 966, 934, 1045, 1711, 1197]
[1181, 911, 963, 932, 1036, 1693, 1193]
[1176, 910, 964, 933, 1033, 1689, 1191]
[1171, 906, 961, 930, 1032, 1683, 1192]
[1172, 907, 961, 931, 1031, 1686, 1188]
[1172, 907, 960, 931, 1032, 1686, 1187]
[1170, 907, 960, 929, 1032, 1681, 1183]
[1169, 907, 958, 932, 1032, 1678, 1184]
[1169, 906, 959, 931, 1030, 1679, 1185]
[1170, 906, 960, 932, 1031, 1675, 1185]
[1167, 906, 959, 931, 1030, 1678, 1183]
[1167, 906, 959, 931, 1028, 1680, 1184]
[1172, 905, 959, 930, 1032, 1680, 1185]
[1170, 906, 959, 929, 1031, 1680, 1184]
[1168, 906, 959, 930, 1033, 1686, 1187]
[1170, 906, 960, 930, 1030, 1682, 1184]
[1168, 906, 961, 930, 1032, 1682, 1187]
[1168, 904, 960, 930, 1031, 1680, 1186]
[1166, 905, 960, 931, 1032, 1681, 1185]
[1168, 906, 959, 929, 1032, 1680, 1182]
[1167, 905, 958, 929, 1029, 1673, 1180]
[1167, 904, 957, 927, 1030, 1678, 1183]
[1167, 904, 958, 929, 1031, 1678, 1179]
[1167, 904, 957, 928, 1030, 1676, 1180]
[1164, 903, 956, 929, 1027, 1677, 1183]
