[1174, 909, 963, 934, 1034, 1692, 1187]
[1173, 908, 962, 934, 1036, 1688, 1192]
[1174, 907, 961, 933, 1034, 1688, 1191]
[1169, 908, 962, 933, 1033, 1688, 1189]
[1173, 909, 962, 933, 1033, 1693, 1190]
[1173, 908, 963, 933, 1033, 1689, 1192]
[1172, 908, 963, 933, 1035, 1690, 1190]
[1170, 907, 961, 932, 1034, 1692, 1190]
[1172, 907, 962, 933, 1036, 1696, 1193]
[1174, 907, 963, 933, 1036, 1689, 1191]
[1171, 908, 962, 934, 1034, 1688, 1189]
[1176, 908, 963, 934, 1034, 1692, 1193]
[1169, 908, 964, 933, 1033, 1685, 1191]
[1174, 908, 963, 932, 1033, 1689, 1190]
[1174, 908, 963, 934, 1036, 1691, 1191]
[1173, 907, 961, 932, 1034, 1688, 1192]
[1172, 907, 962, 934, 1034, 1687, 1190]
[1171, 908, 960, 933, 1034, 1686, 1192]
[1171, 908, 961, 933, 1033, 1689, 1195]
[1169, 908, 964, 934, 1032, 1689, 1195]
[1172, 908, 963, 933, 1034, 1690, 1188]
[1171, 908, 963, 932, 1034, 1688, 1192]
[1175, 908, 963, 933, 1036, 1694, 1194]
[1174, 907, 962, 933, 1035, 1692, 1193]
[1175, 908, 962, 933, 1036, 1696, 1191]
[1172, 909, 965, 936, 1035, 1697, 1194]
[1175, 910, 965, 935, 1034, 1695, 1194]
[1176, 911, 965, 934, 1038, 1701, 1198]
[1177, 912, 967, 936, 1041, 1712, 1201]
[1181, 913, 971, 941, 1047, 1727, 1206]
[1182, 915, 977, 948, 1055, 1751, 1218]
[1184, 918, 986, 955, 1063, 1792, 1227]
[1188, 923, 1003, 961, 1068, 1866, 1243]
[1194, 932, 1037, 958, 1068, 1969, 1258]
[1195, 949, 1047, 952, 1063, 2045, 1276]
[1232, 968, 988, 942, 1055, 1886, 1251]
[1235, 951, 981, 941, 1056, 1826, 1239]
[1230, 938, 977, 940, 1053, 1788, 1222]
[1217, 928, 973, 939, 1051, 1755, 1212]
[1205, 921, 969, 936, 1047, 1728, 1204]
[1191, 917, 968, 935, 1044, 1712, 1198]
[1184, 913, 966, 935, 1041, 1706, 1197]
[1183, 911, 965, 936, 1039, 1700, 1194]
[1181, 909, 964, 934, 1036, 1698, 1190]
[1174, 909, 962, 935, 1035, 1694, 1193]
[1173, 909, 962, 933, 1035, 1693, 1192]
[1172, 910, 963, 933, 1033, 1688, 1191]
[1173, 909, 963, 935, 1033, 1688, 1191]
[1171, 909, 963, 933, 1033, 1690, 1192]
[1175, 908, 961, 933, 1035, 1695, 1191]
[1175, 908, 962, 933, 1034, 1686, 1188]
[1172, 907, 963, 934, 1034, 1686, 1192]
[1172, 908, 963, 933, 1033, 1686, 1190]
[1173, 908, 963, 933, 1034, 1684, 1190]
[1173, 908, 962, 933, 1036, 1691, 1188]
[1172, 907, 962, 933, 1033, 1691, 1188]
[1171, 908, 961, 932, 1034, 1690, 1190]
[1173, 908, 961, 933, 1033, 1686, 1189]
[1172, 908, 961, 933, 1033, 1687, 1190]
[1170, 907, 963, 932, 1033, 1691, 1190]
[1170, 907, 961, 933, 1032, 1690, 1189]
