[1166, 906, 958, 929, 1029, 1683, 1184]
[1170, 906, 959, 929, 1031, 1679, 1185]
[1167, 905, 960, 931, 1031, 1678, 1184]
[1168, 906, 960, 931, 1031, 1686, 1185]
[1168, 907, 959, 931, 1030, 1681, 1183]
[1170, 905, 959, 930, 1030, 1679, 1182]
[1167, 905, 959, 929, 1030, 1678, 1183]
[1167, 905, 958, 931, 1031, 1681, 1184]
[1168, 906, 959, 931, 1032, 1685, 1189]
[1171, 906, 959, 931, 1031, 1678, 1185]
[1171, 905, 960, 931, 1032, 1683, 1185]
[1167, 905, 961, 931, 1031, 1679, 1191]
[1170, 907, 961, 932, 1033, 1679, 1188]
[1169, 906, 961, 930, 1032, 1682, 1187]
[1170, 907, 961, 931, 1031, 1682, 1187]
[1170, 907, 961, 931, 1032, 1686, 1188]
[1174, 908, 962, 931, 1033, 1685, 1191]
[1170, 906, 961, 931, 1032, 1681, 1188]
[1171, 907, 961, 932, 1031, 1683, 1188]
[1171, 908, 962, 932, 1032, 1686, 1190]
[1172, 908, 962, 932, 1033, 1691, 1188]
[1172, 908, 962, 933, 1034, 1691, 1192]
[1174, 907, 962, 933, 1033, 1688, 1190]
[1177, 908, 962, 933, 1033, 1689, 1191]
[1173, 908, 963, 933, 1035, 1686, 1192]
[1176, 908, 964, 933, 1037, 1691, 1192]
[1175, 909, 963, 934, 1036, 1694, 1191]
[1174, 909, 965, 935, 1038, 1697, 1195]
[1177, 912, 967, 936, 1042, 1710, 1200]
[1179, 913, 970, 941, 1047, 1726, 1205]
[1181, 916, 978, 947, 1053, 1756, 1214]
[1184, 918, 988, 953, 1057, 1795, 1227]
[1186, 925, 1002, 957, 1056, 1848, 1249]
[1189, 931, 1029, 958, 1053, 1914, 1281]
[1196, 949, 1056, 951, 1050, 1928, 1327]
[1205, 986, 1023, 945, 1047, 1910, 1351]
[1225, 1013, 1000, 941, 1046, 1876, 1330]
[1242, 987, 988, 940, 1047, 1849, 1291]
[1252, 960, 980, 938, 1049, 1826, 1261]
[1248, 944, 976, 938, 1048, 1803, 1234]
[1238, 934, 973, 937, 1046, 1773, 1223]
[1220, 925, 971, 936, 1046, 1741, 1206]
[1207, 920, 967, 935, 1044, 1721, 1197]
[1193, 916, 967, 933, 1041, 1706, 1196]
[1182, 912, 964, 934, 1040, 1701, 1194]
[1178, 909, 964, 934, 1036, 1697, 1191]
[1174, 909, 963, 933, 1034, 1688, 1192]
[1172, 908, 964, 933, 1032, 1690, 1193]
[1173, 909, 962, 933, 1032, 1690, 1188]
[1174, 908, 961, 933, 1033, 1687, 1190]
[1171, 908, 962, 930, 1031, 1686, 1190]
[1172, 907, 962, 933, 1035, 1687, 1189]
[1172, 907, 962, 932, 1034, 1687, 1188]
[1173, 908, 961, 932, 1034, 1681, 1187]
[1172, 907, 962, 932, 1034, 1687, 1188]
[1170, 907, 963, 932, 1032, 1685, 1189]
[1172, 907, 962, 932, 1033, 1689, 1188]
[1171, 907, 961, 931, 1031, 1684, 1188]
[1169, 908, 961, 931, 1034, 1688, 1191]
[1173, 908, 960, 929, 1033, 1684, 1188]
[1171, 906, 961, 932, 1033, 1685, 1188]
[1170, 906, 962, 932, 1032, 1683, 1191]
