[1142, 890, 940, 912, 1008, 1626, 1153]
[1142, 890, 940, 912, 1008, 1620, 1157]
[1143, 890, 940, 913, 1011, 1620, 1155]
[1142, 888, 941, 914, 1009, 1621, 1159]
[1140, 891, 941, 912, 1009, 1623, 1155]
[1142, 891, 941, 912, 1008, 1624, 1156]
[1144, 891, 942, 912, 1010, 1623, 1160]
[1143, 890, 942, 913, 1009, 1623, 1157]
[1143, 890, 941, 913, 1010, 1628, 1159]
[1142, 891, 940, 913, 1010, 1622, 1159]
[1145, 890, 942, 913, 1011, 1626, 1160]
[1143, 891, 941, 913, 1011, 1626, 1159]
[1145, 890, 942, 914, 1009, 1629, 1162]
[1144, 891, 943, 914, 1010, 1626, 1159]
[1148, 892, 942, 913, 1011, 1628, 1160]
[1148, 892, 942, 912, 1012, 1635, 1161]
[1150, 891, 942, 914, 1012, 1628, 1159]
[1148, 892, 944, 914, 1014, 1635, 1163]
[1154, 894, 943, 914, 1014, 1630, 1162]
[1158, 895, 944, 914, 1015, 1638, 1164]
[1160, 896, 946, 915, 1016, 1638, 1163]
[1171, 898, 945, 914, 1022, 1657, 1168]
[1192, 903, 946, 917, 1032, 1675, 1174]
[1219, 909, 949, 916, 1041, 1704, 1180]
[1256, 916, 950, 917, 1047, 1759, 1186]
[1287, 927, 953, 918, 1050, 1865, 1196]
[1268, 957, 959, 919, 1053, 2073, 1211]
[1214, 1043, 972, 923, 1054, 2238, 1217]
[1179, 1007, 1008, 927, 1058, 2660, 1226]
[1167, 935, 1106, 935, 1056, 2316, 1228]
[1160, 914, 1068, 956, 1053, 2117, 1227]
[1158, 905, 994, 974, 1045, 1855, 1218]
[1154, 900, 971, 950, 1033, 1745, 1204]
[1152, 899, 960, 937, 1028, 1702, 1192]
[1151, 896, 955, 928, 1021, 1672, 1179]
[1148, 895, 951, 920, 1017, 1656, 1173]
[1150, 894, 948, 918, 1015, 1643, 1166]
[1150, 893, 946, 917, 1014, 1638, 1165]
[1145, 891, 943, 916, 1012, 1631, 1164]
[1145, 890, 943, 915, 1011, 1627, 1160]
[1143, 891, 942, 915, 1011, 1628, 1156]
[1144, 889, 941, 913, 1009, 1623, 1161]
[1142, 890, 942, 912, 1008, 1619, 1157]
[1141, 890, 941, 912, 1011, 1618, 1155]
[1141, 890, 939, 911, 1009, 1623, 1153]
[1141, 889, 940, 913, 1009, 1623, 1157]
[1140, 888, 940, 912, 1008, 1619, 1155]
[1138, 889, 939, 912, 1009, 1616, 1151]
[1139, 888, 940, 912, 1007, 1618, 1152]
[1138, 889, 939, 911, 1007, 1621, 1156]
[1138, 889, 939, 911, 1009, 1619, 1151]
[1138, 889, 938, 911, 1008, 1617, 1149]
[1139, 887, 938, 911, 1008, 1616, 1151]
[1139, 889, 940, 912, 1008, 1618, 1151]
[1140, 887, 940, 910, 1008, 1615, 1153]
[1138, 887, 944, 913, 1007, 1616, 1153]
[1139, 889, 940, 911, 1009, 1615, 1152]
