[1140, 887, 938, 909, 1006, 1615, 1152]
[1138, 887, 939, 909, 1007, 1613, 1149]
[1138, 887, 938, 909, 1008, 1617, 1150]
[1137, 887, 936, 909, 1008, 1609, 1152]
[1140, 887, 937, 909, 1008, 1611, 1148]
[1137, 887, 937, 910, 1006, 1615, 1147]
[1137, 887, 938, 910, 1007, 1610, 1153]
[1137, 887, 938, 910, 1007, 1614, 1152]
[1137, 888, 938, 909, 1007, 1618, 1152]
[1138, 888, 939, 908, 1007, 1608, 1150]
[1139, 888, 938, 910, 1007, 1618, 1149]
[1137, 887, 937, 910, 1007, 1616, 1151]
[1139, 886, 937, 909, 1007, 1616, 1153]
[1137, 887, 937, 911, 1007, 1612, 1151]
[1138, 887, 938, 910, 1008, 1613, 1151]
[1136, 887, 937, 909, 1007, 1612, 1150]
[1138, 887, 937, 909, 1006, 1614, 1147]
[1139, 887, 937, 909, 1006, 1617, 1148]
[1139, 888, 939, 909, 1008, 1616, 1152]
[1142, 886, 939, 911, 1008, 1615, 1154]
[1139, 887, 939, 909, 1009, 1618, 1153]
[1142, 888, 940, 910, 1009, 1619, 1153]
[1143, 891, 939, 911, 1011, 1623, 1156]
[1148, 891, 940, 912, 1013, 1630, 1153]
[1154, 895, 942, 911, 1020, 1645, 1159]
[1168, 901, 943, 912, 1027, 1656, 1163]
[1190, 907, 945, 913, 1035, 1685, 1166]
[1213, 914, 946, 913, 1041, 1728, 1176]
[1237, 923, 949, 915, 1043, 1796, 1182]
[1253, 937, 952, 915, 1048, 1900, 1190]
[1239, 963, 958, 916, 1052, 2031, 1197]
[1202, 1023, 969, 919, 1054, 2122, 1205]
[1175, 1006, 993, 922, 1058, 2257, 1213]
[1165, 932, 1067, 931, 1057, 2122, 1211]
[1157, 908, 1043, 949, 1052, 1977, 1215]
[1148, 902, 983, 965, 1042, 1820, 1209]
[1146, 898, 965, 952, 1033, 1741, 1196]
[1147, 895, 956, 935, 1028, 1697, 1182]
[1145, 894, 952, 927, 1023, 1673, 1175]
[1145, 892, 948, 922, 1020, 1653, 1167]
[1145, 891, 944, 918, 1017, 1643, 1162]
[1147, 892, 945, 916, 1015, 1631, 1159]
[1140, 890, 942, 914, 1014, 1627, 1158]
[1142, 888, 941, 912, 1010, 1624, 1157]
[1139, 889, 940, 910, 1009, 1619, 1153]
[1140, 889, 938, 910, 1007, 1616, 1151]
[1139, 888, 938, 911, 1008, 1624, 1155]
[1138, 888, 938, 909, 1009, 1614, 1150]
[1140, 887, 937, 910, 1008, 1616, 1150]
[1138, 887, 939, 910, 1008, 1610, 1152]
[1138, 888, 938, 911, 1007, 1620, 1149]
[1138, 887, 938, 910, 1007, 1614, 1151]
[1137, 887, 937, 909, 1006, 1612, 1147]
[1137, 887, 937, 910, 1009, 1612, 1148]
[1138, 887, 938, 910, 1007, 1615, 1149]
[1138, 887, 938, 910, 1008, 1614, 1149]
[1138, 887, 938, 909, 1007, 1611, 1149]
[1137, 887, 939, 910, 1007, 1616, 1152]
[1137, 888, 938, 909, 1006, 1613, 1148]
[1139, 887, 938, 910, 1007, 1611, 1151]
[1136, 886, 936, 909, 1007, 1617, 1148]
[1136, 889, 937, 909, 1007, 1615, 1148]
[1137, 886, 938, 912, 1008, 1614, 1147]
[1136, 886, 937, 910, 1006, 1618, 1146]
[1136, 886, 936, 909, 1006, 1613, 1151]
[1137, 887, 939, 910, 1004, 1610, 1151]
[1138, 886, 937, 909, 1005, 1611, 1145]
[1138, 887, 938, 909, 1006, 1612, 1148]
[1136, 886, 937, 909, 1006, 1612, 1148]
[1135, 885, 937, 909, 1007, 1611, 1149]
[1137, 885, 936, 908, 1006, 1607, 1149]
[1137, 886, 937, 909, 1005, 1610, 1150]
[1134, 886, 938, 911, 1004, 1612, 1147]
[1136, 887, 937, 909, 1006, 1613, 1149]
[1136, 888, 937, 908, 1007, 1610, 1146]
[1134, 886, 938, 910, 1005, 1611, 1149]
[1138, 886, 936, 909, 1007, 1614, 1150]
[1136, 885, 938, 908, 1006, 1609, 1152]
[1133, 886, 938, 910, 1007, 1610, 1147]
[1135, 885, 938, 911, 1005, 1614, 1148]
[1134, 885, 937, 907, 1005, 1611, 1149]
[1135, 887, 938, 909, 1007, 1611, 1148]
[1137, 886, 937, 909, 1006, 1615, 1150]
[1138, 886, 936, 909, 1006, 1609, 1148]
[1134, 886, 936, 910, 1007, 1612, 1151]
[1134, 886, 938, 909, 1005, 1606, 1149]
[1135, 886, 937, 910, 1005, 1612, 1147]
[1136, 889, 938, 910, 1007, 1615, 1150]
[1136, 887, 937, 910, 1006, 1615, 1149]
[1136, 887, 938, 910, 1007, 1616, 1148]
[1138, 888, 935, 909, 1007, 1611, 1149]
