[1136, 887, 938, 907, 1005, 1608, 1147]
[1136, 886, 937, 908, 1006, 1608, 1149]
[1136, 885, 935, 907, 1003, 1608, 1148]
[1137, 885, 936, 909, 1007, 1606, 1152]
[1135, 886, 937, 908, 1005, 1611, 1146]
[1134, 886, 935, 908, 1006, 1609, 1147]
[1136, 886, 938, 909, 1004, 1609, 1147]
[1138, 887, 937, 908, 1006, 1611, 1145]
[1137, 887, 935, 907, 1007, 1610, 1146]
[1136, 886, 936, 909, 1007, 1609, 1148]
[1137, 886, 936, 908, 1006, 1606, 1149]
[1137, 886, 938, 909, 1006, 1607, 1147]
[1137, 886, 937, 908, 1005, 1610, 1146]
[1137, 886, 940, 909, 1006, 1613, 1150]
[1136, 886, 938, 909, 1006, 1611, 1150]
[1138, 886, 936, 907, 1006, 1613, 1147]
[1138, 886, 935, 907, 1006, 1611, 1148]
[1138, 885, 937, 908, 1007, 1609, 1146]
[1137, 886, 937, 908, 1006, 1609, 1148]
[1136, 886, 938, 910, 1005, 1611, 1151]
[1135, 886, 937, 908, 1005, 1610, 1148]
[1135, 887, 937, 908, 1005, 1611, 1149]
[1137, 887, 938, 909, 1005, 1607, 1146]
[1138, 887, 936, 908, 1006, 1613, 1148]
[1138, 886, 937, 910, 1007, 1608, 1148]
[1135, 887, 936, 908, 1006, 1611, 1145]
[1137, 884, 937, 910, 1007, 1611, 1150]
[1135, 886, 938, 909, 1005, 1612, 1148]
[1138, 888, 938, 908, 1006, 1613, 1150]
[1141, 889, 939, 908, 1009, 1614, 1148]
[1141, 887, 937, 909, 1008, 1615, 1149]
[1142, 888, 937, 909, 1010, 1618, 1152]
[1144, 887, 938, 910, 1009, 1617, 1150]
[1143, 889, 939, 911, 1011, 1623, 1153]
[1151, 892, 941, 911, 1016, 1634, 1160]
[1161, 898, 944, 912, 1025, 1646, 1162]
[1175, 907, 946, 911, 1037, 1665, 1165]
[1194, 918, 948, 914, 1050, 1702, 1170]
[1216, 930, 950, 912, 1065, 1750, 1171]
[1239, 940, 950, 913, 1071, 1811, 1176]
[1249, 952, 953, 915, 1073, 1889, 1181]
[1231, 977, 958, 917, 1078, 1964, 1187]
[1196, 1050, 971, 917, 1081, 2022, 1187]
[1172, 989, 1004, 923, 1090, 2149, 1195]
[1161, 925, 1105, 933, 1084, 2042, 1195]
[1152, 905, 1045, 956, 1077, 1965, 1199]
[1154, 899, 983, 975, 1060, 1832, 1200]
[1147, 896, 965, 955, 1045, 1745, 1188]
[1147, 894, 958, 936, 1031, 1694, 1183]
[1146, 895, 952, 926, 1022, 1667, 1169]
[1143, 894, 947, 920, 1019, 1648, 1165]
[1144, 891, 944, 917, 1016, 1641, 1162]
[1145, 891, 942, 914, 1013, 1631, 1159]
[1143, 889, 941, 912, 1011, 1623, 1156]
[1141, 887, 939, 912, 1011, 1617, 1157]
[1140, 888, 938, 910, 1007, 1616, 1151]
[1139, 887, 938, 909, 1007, 1611, 1150]
[1138, 887, 937, 909, 1006, 1611, 1149]
[1136, 886, 936, 909, 1006, 1615, 1149]
[1138, 886, 936, 909, 1007, 1609, 1149]
[1136, 885, 938, 911, 1006, 1609, 1150]
[1137, 886, 937, 909, 1006, 1611, 1146]
[1134, 886, 937, 909, 1005, 1611, 1149]
[1139, 886, 937, 910, 1004, 1608, 1148]
[1135, 885, 937, 908, 1004, 1614, 1143]
[1136, 887, 936, 908, 1005, 1610, 1148]
[1137, 886, 936, 908, 1005, 1610, 1144]
[1134, 886, 937, 909, 1006, 1610, 1146]
[1135, 884, 936, 909, 1005, 1607, 1146]
[1135, 886, 937, 908, 1005, 1608, 1146]
[1134, 886, 936, 908, 1004, 1604, 1149]
[1134, 886, 936, 909, 1005, 1607, 1146]
[1137, 886, 936, 908, 1005, 1607, 1146]
[1136, 885, 935, 907, 1003, 1606, 1145]
[1133, 885, 935, 907, 1007, 1609, 1147]
[1137, 885, 938, 910, 1005, 1604, 1147]
[1135, 886, 937, 909, 1004, 1607, 1147]
[1134, 886, 937, 907, 1004, 1607, 1148]
[1135, 886, 936, 909, 1005, 1602, 1144]
[1135, 886, 936, 908, 1003, 1605, 1147]
[1132, 885, 935, 908, 1004, 1604, 1146]
[1136, 885, 936, 907, 1005, 1607, 1146]
[1133, 884, 936, 907, 1003, 1603, 1144]
[1135, 884, 935, 908, 1004, 1605, 1146]
[1131, 884, 936, 908, 1002, 1605, 1147]
[1134, 884, 936, 908, 1004, 1607, 1148]
[1134, 885, 936, 907, 1004, 1608, 1147]
[1132, 886, 936, 908, 1005, 1609, 1146]
[1134, 886, 936, 906, 1005, 1605, 1144]
[1136, 885, 936, 909, 1005, 1603, 1145]
[1132, 885, 936, 908, 1005, 1609, 1144]
[1134, 884, 936, 908, 1004, 1603, 1147]
[1133, 885, 936, 907, 1002, 1602, 1148]
[1131, 885, 936, 908, 1005, 1608, 1148]
[1132, 886, 936, 907, 1004, 1608, 1144]
[1134, 886, 936, 908, 1005, 1602, 1145]
[1135, 884, 934, 907, 1004, 1604, 1144]
[1134, 884, 936, 908, 1004, 1606, 1148]
[1133, 885, 936, 907, 1003, 1604, 1147]
[1133, 886, 936, 906, 1003, 1604, 1149]
[1134, 885, 936, 907, 1004, 1608, 1144]
[1133, 887, 936, 909, 1005, 1608, 1145]
[1138, 886, 936, 911, 1005, 1603, 1143]
[1133, 884, 936, 908, 1004, 1606, 1144]
[1133, 884, 936, 907, 1005, 1605, 1151]
[1132, 884, 936, 907, 1003, 1603, 1145]
[1134, 886, 937, 907, 1002, 1607, 1146]
[1134, 885, 936, 908, 1003, 1605, 1145]
[1134, 886, 936, 907, 1003, 1607, 1145]
[1136, 885, 934, 907, 1003, 1608, 1143]
