[1148, 892, 944, 916, 1014, 1632, 1161]
[1149, 892, 943, 915, 1012, 1631, 1161]
[1144, 892, 944, 917, 1012, 1633, 1161]
[1147, 893, 944, 916, 1011, 1630, 1163]
[1147, 892, 944, 915, 1011, 1632, 1158]
[1146, 892, 943, 916, 1011, 1630, 1160]
[1146, 892, 943, 916, 1014, 1632, 1163]
[1145, 893, 944, 917, 1013, 1628, 1162]
[1148, 892, 944, 916, 1014, 1634, 1161]
[1151, 892, 943, 915, 1011, 1635, 1166]
[1146, 892, 947, 915, 1013, 1631, 1159]
[1147, 893, 944, 915, 1014, 1635, 1163]
[1145, 892, 943, 916, 1013, 1633, 1158]
[1147, 891, 943, 915, 1012, 1632, 1159]
[1148, 892, 943, 916, 1012, 1633, 1161]
[1147, 891, 942, 915, 1013, 1633, 1163]
[1147, 892, 945, 916, 1012, 1629, 1162]
[1148, 892, 944, 915, 1013, 1632, 1163]
[1146, 893, 945, 916, 1014, 1628, 1165]
[1146, 893, 944, 915, 1012, 1633, 1162]
[1150, 893, 944, 917, 1014, 1635, 1163]
[1149, 893, 943, 916, 1012, 1637, 1163]
[1153, 892, 944, 916, 1014, 1638, 1162]
[1149, 892, 947, 915, 1013, 1630, 1162]
[1146, 892, 945, 916, 1014, 1635, 1163]
[1148, 893, 945, 915, 1014, 1637, 1163]
[1148, 893, 945, 914, 1015, 1638, 1164]
[1149, 894, 946, 916, 1016, 1634, 1163]
[1148, 894, 945, 916, 1015, 1634, 1162]
[1148, 893, 944, 916, 1014, 1635, 1163]
[1149, 893, 945, 918, 1015, 1633, 1164]
[1148, 894, 946, 917, 1015, 1638, 1163]
[1151, 895, 947, 917, 1017, 1637, 1165]
[1156, 896, 947, 917, 1019, 1650, 1168]
[1167, 899, 948, 917, 1024, 1659, 1171]
[1183, 905, 949, 918, 1029, 1677, 1173]
[1199, 909, 955, 919, 1034, 1700, 1179]
[1218, 917, 953, 919, 1040, 1745, 1191]
[1235, 930, 957, 920, 1039, 1822, 1202]
[1231, 951, 961, 921, 1039, 1913, 1221]
[1210, 990, 969, 923, 1039, 1968, 1238]
[1192, 1005, 984, 926, 1040, 2050, 1250]
[1178, 966, 1017, 930, 1039, 2087, 1258]
[1170, 935, 1078, 937, 1040, 2032, 1262]
[1166, 919, 1068, 951, 1037, 1981, 1260]
[1163, 910, 1012, 967, 1035, 1890, 1254]
[1158, 905, 983, 967, 1031, 1793, 1235]
[1156, 902, 968, 948, 1027, 1721, 1211]
[1157, 900, 959, 936, 1023, 1692, 1195]
[1155, 899, 958, 929, 1021, 1676, 1186]
[1154, 898, 952, 925, 1024, 1663, 1177]
[1149, 895, 950, 922, 1018, 1654, 1176]
[1150, 895, 948, 920, 1015, 1646, 1173]
[1149, 894, 948, 919, 1014, 1638, 1171]
[1151, 894, 945, 918, 1016, 1641, 1164]
[1149, 894, 944, 916, 1014, 1637, 1165]
[1146, 893, 944, 917, 1015, 1635, 1161]
[1149, 893, 945, 916, 1014, 1633, 1161]
[1148, 892, 945, 917, 1013, 1634, 1164]
[1147, 893, 945, 917, 1012, 1630, 1159]
[1147, 892, 945, 917, 1011, 1631, 1164]
[1147, 892, 944, 914, 1011, 1633, 1161]
[1149, 893, 946, 915, 1012, 1631, 1161]
[1147, 892, 944, 916, 1016, 1636, 1160]
[1148, 892, 944, 916, 1012, 1632, 1162]
[1145, 891, 943, 915, 1013, 1632, 1158]
[1146, 892, 944, 916, 1014, 1630, 1159]
[1142, 893, 944, 915, 1013, 1632, 1158]
[1143, 891, 943, 916, 1012, 1634, 1161]
[1146, 892, 943, 915, 1012, 1635, 1158]
[1145, 892, 942, 915, 1012, 1630, 1160]
[1146, 891, 943, 914, 1013, 1629, 1156]
[1146, 891, 942, 915, 1012, 1627, 1159]
[1142, 889, 943, 915, 1012, 1624, 1159]
[1143, 889, 941, 914, 1011, 1625, 1157]
[1142, 891, 945, 914, 1012, 1631, 1158]
[1143, 890, 943, 915, 1013, 1627, 1155]
[1145, 891, 942, 915, 1014, 1634, 1155]
[1143, 890, 943, 914, 1012, 1629, 1155]
[1144, 890, 943, 915, 1013, 1630, 1157]
