[0.027974443887775813, -0.001799653862252809, 0.02329796074788939]
[0.04063769974762477, -0.002231525682000829, 0.05872851630344493]
[0.05568524441966061, 0.01647138318404548, 0.09958962741455607]
[0.06603417656973265, 0.06180639753627251, 0.14621462741455607]
[0.07112139640187798, 0.08410406843181925, 0.18850629408122271]
[0.07021005597675356, 0.10310630904941617, 0.21523715192624226]
[0.07133072013057551, 0.15450623706469616, 0.2313760408151312]
[0.07083433091718339, 0.24169185757738357, 0.22777881859290894]
[0.07091440169744456, 0.4699598549157171, 0.20550104081513118]
[0.07416050942049912, 0.5293534601506258, 0.16365381859290898]
[0.0712830068799779, 0.5850058464393337, 0.11241770748179783]
[0.06735228213513417, 0.6305803635584222, 0.06465381859290896]
[0.0629745668135363, 0.6555066587295667, 0.02218159637068675]
[0.06466929675244182, 0.6809152416160815, -0.007347222222222227]
