[0.03680020782303167, 0.028313621172586984, 0.02433594689610509]
[0.053962466988710434, 0.04640250108540381, 0.059141502451660624]
[0.0669960965784297, 0.07831830973289439, 0.10051650245166063]
[0.07049725951209229, 0.12216875625741663, 0.14644705800721622]
[0.06845907549714442, 0.13837924082079645, 0.1859053913405495]
[0.06637129775645884, 0.16694462949158972, 0.2126272250623832]
[0.07228891146150884, 0.22164985399872528, 0.22798833617349432]
[0.0686753498956888, 0.4327707071040093, 0.22822444728460542]
[0.06536571470635488, 0.515628620631359, 0.21253000284016094]
[0.0629806759157524, 0.567792286465433, 0.17891889172904984]
[0.061485102518833434, 0.6092449262312085, 0.13625222506238321]
[0.06003655773331329, 0.639243335509752, 0.09430778061793876]
[0.05560210082982353, 0.6585903099252288, 0.05480778061793877]
[0.05533533389497325, 0.6687309421161802, 0.019738336173494304]
[0.0416478883557429, 0.6728934881911288, -0.008750000000000008]
[-0.09048445595714338, 0.6791611552996946, -0.022916666666666675]
