(-1, -1, 0.0)
(-1, -1, 0.0)
(-1, -1, 0.0)
(-1, -1, 0.0)
(-1, -1, 0.0)
(-1, -1, 0.0)
(-1, -1, 0.0)
(-1, -1, 0.0)
(-1, -1, 0.0)
(-1, -1, 0.0)
(-1, -1, 0.0)
(-1, -1, 0.0)
(-1, -1, 0.0)
(-1, -1, 0.0)
(-1, -1, 0.0)
(-1, -1, 0.0)
(-1, -1, 0.0)
(-1, -1, 0.0)
(-1, -1, 0.0)
(-1, -1, 0.0)
(-1, -1, 0.0)
(-1, -1, 0.0)
(-1, -1, 0.0)
(-1, -1, 0.0)
(-1, -1, 0.0)
(-1, -1, 0.0)
(-1, -1, 0.0)
(-1, -1, 0.0)
(-1, -1, 0.0)
(-1, -1, 0.0)
(-1, -1, 0.00076829313598737888)
(-1, -1, 0.0049375826931539754)
(-1, 0.0, 0.016202812956619152)
(0.3947173309263482, 0.12877563479136983, 0.034733920426627901)
(0.43151753874937987, 0.15708925596395681, 0.059069867322732991)
(0.44867979791505863, 0.17517813587677364, 0.093875422878288525)
(0.4617134275047779, 0.20709394452426422, 0.13525042287828853)
(0.46521459043844049, 0.25094439104878646, 0.18118097843384412)
(0.46317640642349261, 0.26715487561216628, 0.22063931176717741)
(0.46108862868280703, 0.29572026428295956, 0.24736114548901111)
(0.46700624238785704, 0.35042548879009511, 0.26272225660012222)
(0.463392680822037, 0.56154634189537911, 0.26295836771123332)
(0.46008304563270308, 0.64440425542272872, 0.24726392326678884)
(0.4576980068421006, 0.69656792125680278, 0.21365281215567775)
(0.45620243344518163, 0.73802056102257829, 0.17098614548901112)
(0.45475388865966149, 0.76801897030112187, 0.12904170104456666)
(0.45031943175617173, 0.7873659447165986, 0.089541701044566671)
(0.45005266482132145, 0.79750657690755, 0.054472256600122206)
(0.4363652192820911, 0.80166912298249859, 0.025983920426627893)
(0.30423287496920481, 0.80793679009106434, 0.011817253759961227)
(-1, -1, 0.003036146289952486)
(-1, -1, 0.0)
(-1, -1, 0.0)
(-1, -1, 0.0)
(-1, -1, 0.0)
(-1, -1, 0.0)
(-1, -1, 0.0)
(-1, -1, 0.0)
(-1, -1, 0.0)
(-1, -1, 0.0)
(-1, -1, 0.0)
