(-1, -1, 0.0)
(-1, -1, 0.0)
(-1, -1, 0.0)
(-1, -1, 0.0)
(-1, -1, 0.0)
(-1, -1, 0.0)
(-1, -1, 0.0)
(-1, -1, 0.0)
(-1, -1, 0.0)
(-1, -1, 0.0)
(-1, -1, 0.0)
(-1, -1, 0.0)
(-1, -1, 0.0)
(-1, -1, 0.0)
(-1, -1, 0.0)
(-1, -1, 0.0)
(-1, -1, 0.0)
(-1, -1, 0.0)
(-1, -1, 0.0)
(-1, -1, 0.0)
(-1, -1, 0.0)
(-1, -1, 0.0)
(-1, -1, 0.0)
(-1, -1, 0.0)
(-1, -1, 0.0)
(-1, -1, 0.0)
(-1, -1, 0.00043747516885180932)
(-1, -1, 0.0046579784141616391)
(-1, 0.095021849570149378, 0.018150932485142823)
(0.49470296964135141, 0.14708433034092028, 0.036484265818476164)
(0.513128751047631, 0.14095782156394246, 0.065248485067537554)
(-1, 0.13707846236667487, 0.10742904062309312)
(-1, 0.14790296738316747, 0.15694292951198202)
(-1, 0.19193805702961433, 0.2108318184008709)
(-1, 0.25124457360122116, 0.26788737395642642)
(-1, 0.25812145641233453, 0.29804015173420428)
(-1, 0.28442466618618206, 0.30890930965061358)
(-1, 0.34455350318137107, 0.29695097631728029)
(-1, 0.56694259828469318, 0.26120097631728029)
(-1, 0.65097061720396665, 0.20783986520616915)
(-1, 0.728173842608835, 0.13778430965061358)
(-1, 0.79674918281029994, 0.080631531872835824)
(-1, 0.81453278576888111, 0.034899734258685283)
(0.52981548185140581, 0.89433083361391486, 0.011609265818476161)
(-1, -1, 0.0015745684274021284)
(-1, -1, 0.0)
(-1, -1, 0.0)
(-1, -1, 0.0)
(-1, -1, 0.0)
(-1, -1, 0.0)
(-1, -1, 0.0)
(-1, -1, 0.0)
(-1, -1, 0.0)
(-1, -1, 0.0)
(-1, -1, 0.0)
(-1, -1, 0.0)
(-1, -1, 0.0)
(-1, -1, 0.0)
(-1, -1, 0.0)
(-1, -1, 0.0)
(-1, -1, 0.0)
