(-1, -1, 0.0)
(-1, -1, 0.0)
(-1, -1, 0.0)
(-1, -1, 0.0)
(-1, -1, 0.0)
(-1, -1, 0.0)
(-1, -1, 0.0)
(-1, -1, 0.0)
(-1, -1, 0.0)
(-1, -1, 0.0)
(-1, -1, 0.0)
(-1, -1, 0.0)
(-1, -1, 0.0)
(-1, -1, 0.0)
(-1, -1, 0.0)
(-1, -1, 0.0)
(-1, -1, 0.0)
(-1, -1, 0.0)
(-1, -1, 0.0)
(-1, -1, 0.0)
(-1, -1, 0.0)
(-1, -1, 0.0)
(-1, -1, 0.0)
(-1, -1, 0.0)
(-1, -1, 0.0)
(-1, -1, 0.0)
(-1, -1, 0.0)
(-1, -1, 0.0)
(-1, -1, 0.0)
(-1, -1, 0.0)
(-1, -1, 0.0)
(-1, -1, 0.0)
(-1, -1, 0.0)
(-1, -1, 0.0026341579317468132)
(-1, -1, 0.01268299053794888)
(0.47229332276065056, 0.1583868096986365, 0.027238546093504436)
(0.50538394636007478, 0.17349813018736093, 0.049726907577859747)
(-1, 0.18015962841738284, 0.084449129800081971)
(-1, 0.19714013083823548, 0.12651857424452639)
(-1, 0.23127146778012536, 0.17572690757785972)
(-1, 0.26364042179543568, 0.23037968535563752)
(-1, 0.28130800522157284, 0.27420364934288655)
(-1, 0.31197198234359669, 0.3036145027022088)
(-1, 0.36586014868892175, 0.3156422804799866)
(-1, 0.55735068504598351, 0.30805894714665322)
(-1, 0.63243754202124258, 0.28125339159109769)
(-1, 0.68797495138901232, 0.23526276093718196)
(-1, 0.73264393184356058, 0.18605442760384863)
(-1, 0.76431954267126345, 0.14131831649273752)
(-1, 0.78747503004547825, 0.099540538714959742)
(-1, 0.80741550363306358, 0.061443316492737522)
(0.50430464863990476, 0.79840796101478229, 0.029357732786159982)
(0.48747626649728987, 0.8341600405235996, 0.013252434982393325)
(-1, -1, 0.0034238326062020668)
(-1, -1, 0.0)
(-1, -1, 0.0)
(-1, -1, 0.0)
(-1, -1, 0.0)
(-1, -1, 0.0)
(-1, -1, 0.0)
(-1, -1, 0.0)
(-1, -1, 0.0)
(-1, -1, 0.0)
(-1, -1, 0.0)
(-1, -1, 0.0)
(-1, -1, 0.0)
(-1, -1, 0.0)
(-1, -1, 0.0)
(-1, -1, 0.0)
(-1, -1, 0.0)
