(-1, -1, 0.0)
(-1, -1, 0.0)
(-1, -1, 0.0)
(-1, -1, 0.0)
(-1, -1, 0.0)
(-1, -1, 0.0)
(-1, -1, 0.0)
(-1, -1, 0.0)
(-1, -1, 0.0)
(-1, -1, 0.0)
(-1, -1, 0.0)
(-1, -1, 0.0)
(-1, -1, 0.0)
(-1, -1, 0.0)
(-1, -1, 0.0)
(-1, -1, 0.0)
(-1, -1, 0.0)
(-1, -1, 0.0)
(-1, -1, 0.0)
(-1, -1, 0.0)
(-1, -1, 0.0)
(-1, -1, 0.0)
(-1, -1, 0.0)
(-1, -1, 0.0)
(-1, -1, 0.0)
(-1, -1, 0.0)
(-1, -1, 0.0)
(-1, -1, 0.0)
(-1, -1, 0.0)
(-1, -1, 0.0016534949069196044)
(-1, 0.048651834140255659, 0.010951819175584861)
(0.42977445799738767, 0.1772249667447314, 0.025788189581233412)
(0.45774890188516348, 0.17542531288247859, 0.0490861503291228)
(0.47041215774501244, 0.17499344106273057, 0.084516705884678342)
(0.48545970241704828, 0.19369634992877688, 0.12537781699578948)
(0.49580863456712032, 0.23903136428100391, 0.17200281699578948)
(0.50089585439926565, 0.26132903517655065, 0.21429448366245613)
(0.49998451397414123, 0.28033127579414757, 0.24102534150747568)
(0.50110517812796318, 0.33173120380942756, 0.2571642303963646)
(0.50060878891457106, 0.41891682432211497, 0.25356700817414235)
(0.50068885969483223, 0.64718482166044855, 0.23128923039636459)
(0.50393496741788679, 0.70657842689535721, 0.18944200817414239)
(0.50105746487736558, 0.76223081318406516, 0.13820589706303124)
(0.49712674013252184, 0.8078053303031536, 0.090442008174142371)
(0.49274902481092397, 0.83273162547429813, 0.047969785951920162)
(0.49444375474982949, 0.85814020836081295, 0.018440967359011184)
(-1, -1, 0.0056740413978070845)
(-1, -1, 0.0)
(-1, -1, 0.0)
(-1, -1, 0.0)
(-1, -1, 0.0)
(-1, -1, 0.0)
(-1, -1, 0.0)
(-1, -1, 0.0)
(-1, -1, 0.0)
(-1, -1, 0.0)
(-1, -1, 0.0)
(-1, -1, 0.0)
(-1, -1, 0.0)
(-1, -1, 0.0)
(-1, -1, 0.0)
(-1, -1, 0.0)
(-1, -1, 0.0)
(-1, -1, 0.0)
(-1, -1, 0.0)
(-1, -1, 0.0)
