[0.14463353480320656, -0.030133737353342238, 0.027666927734347528]
[0.22821185081563172, -0.12498736143529232, 0.17996404180233588]
[0.2403527556913398, -0.1728719009274734, 0.2009223751356692]
[0.23876018300647978, -0.24401776841678424, 0.2110890418023359]
[0.21908916867956368, -0.4649875293712691, 0.2166862640245581]
[0.1903103227095207, -0.49787373523828626, 0.21986681958011367]
[0.1539402026403161, -0.48855965390931755, 0.21896404180233586]
[0.12687180213313287, -0.30087083392066194, 0.21634748328990308]
[0.11876637534813594, -0.2223811815523985, 0.2098335944010142]
[0.11844762952017956, -0.16797061347644926, 0.19547248328990308]
[0.12515255555445948, -0.13417520032221608, 0.17269470551212532]
[0.13869016149962676, -0.10835302524825285, 0.14191692773434755]
[0.15558522455778984, -0.08751156235093616, 0.10662526106768086]
[0.21402733957859005, -0.10428874882524897, 0.03690585659551178]
[0.2455827721942711, -0.14239736198438369, 0.01133641215106733]
