[0.03967398116532994, -0.03208267506571216, 0.032791666666666656]
[0.08599084264491796, -0.11023534766374077, 0.14623433410458556]
[0.09813653252476062, -0.15513209217851343, 0.17333155632680777]
[0.09131227480573623, -0.2073381609913012, 0.18630377854903]
[0.0685994761625035, -0.2716544530185979, 0.19155377854902997]
[0.006195969153340919, -0.5134550333347572, 0.19742385764304396]
[-0.02569122886665809, -0.36663641703449845, 0.19590996875415503]
[-0.06959279200249502, -0.2917435880470255, 0.19293774653193282]
[-0.08345004973468284, -0.22932167537840809, 0.18502107986526617]
[-0.06709668445278205, -0.18645819977086353, 0.17481274653193282]
[-0.035091209370443854, -0.14845669661230587, 0.1553544131985995]
[-0.0021763075269459753, -0.12312021908612547, 0.1295905243097106]
[0.027509000784187165, -0.11016526732063625, 0.10077107986526618]
[0.05970751004487118, -0.15051941437551675, 0.018033826386598326]
[0.06375568425945843, -0.1898705106977686, -0.005896729168957237]
[0.0728541972847192, -0.25466516635317504, -0.01826287236179971]
