[0.025137051489722895, -0.02871600242785899, 0.03895265704046069]
[0.04411055287456911, -0.0879181130483474, 0.12530159891427173]
[0.05305524348525237, -0.13274994510342808, 0.15889049622592394]
[0.051732812401030115, -0.1836208652690563, 0.1814738295592573]
[0.03759916615746661, -0.2595893294647824, 0.19476549622592393]
[-0.02056048601371574, -0.4961709929954079, 0.2105099322476051]
[-0.046560655449611466, -0.47427990518934726, 0.21235715446982734]
[-0.06061776908215488, -0.2779332773398181, 0.2103710433587162]
[-0.07565619206521879, -0.2050392186874752, 0.20280159891427174]
[-0.07263228280765444, -0.15738059752233358, 0.18728771002538286]
[-0.05323681327441815, -0.12629550036606552, 0.1641210433587162]
[-0.030656721479673243, -0.10252764313615259, 0.1345654878031606]
[-0.005212471642775829, -0.08651657761354659, 0.10517659891427172]
[0.028499467433620418, -0.09730606255046881, 0.054134932247605086]
[0.03000178461269931, -0.11407363180342689, 0.03374432370712736]
[0.039888817410042576, -0.12946714116402203, 0.013799879262682932]
[0.04617042943293703, -0.13763526577596474, -0.005811231848428182]
[0.07298926633975533, -0.17734270581326728, -0.021555109684323275]
