[0.09969196282002607, -0.041064735435700106, 0.032258702469310827]
[0.1537867179547331, -0.16751302957042113, 0.17943531962038858]
[0.14876443788964255, -0.21879007042536514, 0.19325476406483297]
[0.06835638060174332, -0.35839588517862564, 0.2021378716029204]
[0.04007538766552199, -0.2944052547802768, 0.19901287160292044]
[0.001954010134848916, -0.22453784556299117, 0.19177676049180933]
[-0.0006224176556530181, -0.17618574807738951, 0.18188787160292044]
[0.02101162441110932, -0.13941017248559961, 0.1662073160473649]
[0.053447106806417066, -0.11602660063086268, 0.13913787160292043]
[0.0824627277029672, -0.10291318308475927, 0.10436009382514266]
[0.09869564569639766, -0.10535935185488798, 0.06737398271403156]
[0.12200200666376704, -0.13048468689850568, 0.03385139135583183]
[0.16507395209728182, -0.164062909185003, 0.003569444444444441]
