[1179, 911, 965, 935, 1038, 1696, 1193]
[1178, 911, 965, 934, 1039, 1697, 1188]
[1180, 911, 963, 933, 1038, 1696, 1190]
[1175, 911, 964, 933, 1038, 1698, 1191]
[1180, 911, 965, 934, 1039, 1694, 1190]
[1180, 910, 963, 935, 1039, 1693, 1190]
[1180, 910, 964, 935, 1037, 1695, 1191]
[1179, 911, 964, 935, 1037, 1691, 1190]
[1176, 911, 965, 934, 1039, 1696, 1189]
[1179, 912, 964, 934, 1040, 1696, 1194]
[1179, 912, 963, 934, 1040, 1698, 1190]
[1178, 910, 964, 934, 1038, 1696, 1188]
[1179, 910, 964, 936, 1039, 1691, 1189]
[1178, 910, 964, 935, 1040, 1696, 1190]
[1176, 912, 965, 936, 1038, 1694, 1190]
[1181, 911, 965, 934, 1037, 1695, 1189]
[1178, 911, 965, 935, 1038, 1700, 1189]
[1179, 911, 964, 934, 1037, 1695, 1190]
[1178, 911, 964, 935, 1040, 1697, 1188]
[1180, 912, 965, 935, 1041, 1695, 1191]
[1178, 910, 964, 936, 1040, 1694, 1193]
[1178, 910, 964, 935, 1039, 1695, 1192]
[1177, 911, 965, 935, 1036, 1697, 1193]
[1179, 913, 966, 934, 1039, 1699, 1189]
[1179, 912, 966, 934, 1039, 1701, 1195]
[1183, 912, 965, 934, 1043, 1702, 1189]
[1186, 913, 967, 937, 1044, 1707, 1194]
[1185, 915, 969, 937, 1046, 1713, 1196]
[1187, 917, 972, 939, 1053, 1727, 1202]
[1193, 924, 979, 941, 1067, 1749, 1206]
[1201, 934, 989, 943, 1092, 1777, 1207]
[1209, 948, 1004, 946, 1131, 1807, 1215]
[1206, 955, 1028, 949, 1177, 1838, 1218]
[1205, 952, 1065, 954, 1185, 1882, 1221]
[1202, 948, 1106, 958, 1143, 1989, 1230]
[1205, 950, 1103, 962, 1102, 2218, 1245]
[1205, 959, 1085, 958, 1081, 2146, 1278]
[1211, 977, 1062, 954, 1075, 2087, 1295]
[1217, 1006, 1036, 950, 1074, 2112, 1288]
[1229, 1036, 1017, 947, 1084, 2192, 1259]
[1234, 1047, 1009, 945, 1104, 2214, 1238]
[1228, 1058, 1009, 947, 1127, 2072, 1226]
[1220, 1030, 1011, 946, 1148, 1943, 1223]
[1212, 989, 1019, 948, 1158, 1888, 1219]
[1209, 956, 1027, 948, 1139, 1863, 1219]
[1202, 947, 1028, 950, 1120, 1859, 1215]
[1199, 942, 1017, 950, 1100, 1853, 1215]
[1200, 938, 1012, 949, 1093, 1844, 1221]
[1199, 934, 1005, 948, 1083, 1826, 1219]
[1195, 935, 997, 948, 1074, 1798, 1217]
[1195, 927, 989, 950, 1066, 1779, 1216]
[1192, 925, 984, 946, 1059, 1756, 1211]
[1191, 921, 977, 941, 1051, 1737, 1202]
[1190, 916, 972, 940, 1048, 1723, 1198]
[1185, 914, 968, 938, 1046, 1713, 1200]
[1181, 912, 967, 936, 1042, 1700, 1193]
[1179, 912, 966, 936, 1040, 1697, 1190]
[1179, 911, 964, 935, 1037, 1698, 1193]
[1177, 911, 965, 935, 1036, 1694, 1190]
[1174, 910, 965, 934, 1038, 1696, 1189]
[1177, 910, 963, 934, 1038, 1695, 1190]
[1176, 910, 964, 933, 1038, 1690, 1185]
