[1166, 904, 957, 927, 1030, 1672, 1180]
[1167, 904, 957, 927, 1029, 1669, 1175]
[1168, 904, 958, 927, 1030, 1673, 1177]
[1166, 905, 958, 927, 1029, 1669, 1179]
[1168, 904, 956, 926, 1030, 1672, 1178]
[1167, 904, 958, 927, 1029, 1671, 1178]
[1166, 903, 957, 927, 1030, 1669, 1178]
[1165, 906, 957, 928, 1030, 1670, 1179]
[1167, 904, 958, 928, 1028, 1675, 1179]
[1168, 904, 958, 927, 1031, 1670, 1178]
[1167, 905, 958, 925, 1029, 1672, 1176]
[1167, 904, 956, 927, 1029, 1672, 1179]
[1171, 904, 956, 928, 1030, 1676, 1179]
[1168, 904, 958, 929, 1031, 1673, 1178]
[1167, 904, 958, 929, 1029, 1669, 1179]
[1168, 904, 958, 928, 1029, 1674, 1178]
[1169, 905, 959, 928, 1029, 1670, 1178]
[1166, 905, 958, 927, 1029, 1676, 1179]
[1168, 905, 957, 927, 1029, 1673, 1178]
[1170, 904, 957, 927, 1030, 1673, 1181]
[1169, 906, 957, 928, 1030, 1673, 1178]
[1166, 904, 958, 931, 1030, 1670, 1179]
[1166, 904, 958, 929, 1030, 1675, 1180]
[1169, 905, 959, 928, 1031, 1676, 1177]
[1170, 907, 960, 929, 1031, 1677, 1181]
[1172, 907, 959, 930, 1034, 1684, 1181]
[1175, 908, 960, 930, 1036, 1687, 1183]
[1178, 910, 963, 930, 1043, 1694, 1184]
[1185, 914, 965, 932, 1048, 1705, 1188]
[1187, 919, 969, 934, 1060, 1718, 1193]
[1198, 928, 976, 936, 1077, 1735, 1193]
[1199, 939, 986, 936, 1107, 1759, 1194]
[1201, 948, 1003, 941, 1153, 1780, 1202]
[1197, 949, 1028, 944, 1186, 1798, 1204]
[1197, 944, 1059, 952, 1202, 1832, 1207]
[1194, 941, 1090, 951, 1148, 1921, 1219]
[1194, 944, 1089, 954, 1093, 2138, 1232]
[1195, 954, 1064, 948, 1073, 2099, 1261]
[1202, 978, 1028, 943, 1067, 2026, 1267]
[1215, 1004, 1003, 938, 1067, 2034, 1251]
[1234, 1012, 994, 938, 1076, 2134, 1232]
[1238, 1024, 990, 937, 1096, 2096, 1219]
[1229, 1034, 991, 938, 1117, 1958, 1212]
[1215, 1016, 998, 939, 1141, 1866, 1208]
[1201, 966, 1006, 941, 1149, 1820, 1209]
[1200, 954, 1012, 939, 1145, 1819, 1204]
[1195, 943, 1011, 940, 1115, 1812, 1205]
[1193, 936, 1003, 944, 1091, 1808, 1204]
[1192, 931, 992, 940, 1071, 1788, 1205]
[1189, 926, 984, 940, 1062, 1765, 1202]
[1184, 921, 978, 938, 1052, 1743, 1205]
[1181, 917, 972, 936, 1045, 1722, 1196]
[1180, 913, 968, 933, 1040, 1711, 1192]
[1178, 911, 965, 933, 1037, 1696, 1191]
[1176, 908, 961, 931, 1036, 1693, 1184]
[1174, 907, 960, 930, 1033, 1683, 1181]
[1171, 904, 959, 930, 1033, 1675, 1181]
[1168, 905, 959, 930, 1030, 1676, 1183]
[1169, 905, 959, 929, 1030, 1672, 1181]
[1167, 904, 959, 928, 1031, 1673, 1180]
[1168, 904, 958, 927, 1028, 1672, 1178]
[1166, 905, 958, 928, 1029, 1684, 1173]
[1167, 905, 957, 927, 1028, 1674, 1176]
[1165, 903, 957, 928, 1031, 1675, 1177]
[1166, 904, 959, 929, 1031, 1668, 1178]
