[1175, 908, 962, 934, 1037, 1692, 1189]
[1178, 908, 962, 933, 1037, 1693, 1189]
[1173, 910, 964, 934, 1035, 1689, 1186]
[1177, 910, 963, 933, 1035, 1690, 1188]
[1176, 910, 965, 933, 1037, 1693, 1190]
[1177, 910, 963, 934, 1040, 1693, 1186]
[1178, 910, 962, 933, 1037, 1691, 1184]
[1179, 909, 963, 933, 1036, 1691, 1186]
[1176, 909, 964, 933, 1037, 1693, 1190]
[1175, 910, 964, 934, 1036, 1693, 1186]
[1177, 909, 964, 933, 1036, 1692, 1188]
[1178, 910, 966, 934, 1036, 1693, 1191]
[1176, 910, 964, 934, 1037, 1692, 1186]
[1176, 909, 964, 933, 1038, 1696, 1187]
[1177, 910, 963, 933, 1036, 1688, 1191]
[1179, 909, 964, 935, 1038, 1690, 1185]
[1176, 909, 964, 935, 1037, 1693, 1191]
[1177, 910, 966, 935, 1036, 1693, 1189]
[1176, 910, 964, 933, 1038, 1693, 1188]
[1178, 911, 964, 933, 1036, 1694, 1189]
[1176, 909, 963, 933, 1035, 1694, 1191]
[1176, 910, 963, 934, 1037, 1692, 1185]
[1177, 909, 963, 933, 1037, 1693, 1186]
[1178, 910, 965, 935, 1037, 1693, 1191]
[1177, 910, 965, 934, 1037, 1692, 1190]
[1176, 910, 964, 933, 1036, 1693, 1189]
[1179, 911, 964, 933, 1038, 1696, 1189]
[1180, 912, 964, 934, 1038, 1699, 1190]
[1180, 912, 966, 936, 1041, 1703, 1192]
[1184, 913, 967, 937, 1043, 1706, 1197]
[1185, 915, 970, 937, 1047, 1715, 1197]
[1189, 918, 973, 939, 1056, 1727, 1202]
[1197, 925, 979, 940, 1067, 1752, 1205]
[1204, 937, 988, 941, 1095, 1777, 1206]
[1212, 957, 1001, 945, 1149, 1801, 1211]
[1212, 959, 1024, 949, 1193, 1822, 1213]
[1206, 950, 1058, 953, 1195, 1864, 1220]
[1205, 944, 1086, 960, 1138, 1961, 1227]
[1200, 947, 1091, 960, 1092, 2167, 1248]
[1203, 958, 1069, 956, 1078, 2115, 1276]
[1213, 986, 1029, 947, 1073, 2046, 1275]
[1224, 1008, 1007, 945, 1078, 2068, 1252]
[1249, 1008, 998, 945, 1096, 2083, 1233]
[1244, 1019, 999, 942, 1127, 1978, 1224]
[1232, 1021, 1000, 945, 1158, 1879, 1217]
[1216, 988, 1007, 946, 1165, 1841, 1217]
[1203, 962, 1016, 948, 1148, 1842, 1215]
[1201, 947, 1017, 948, 1120, 1832, 1215]
[1195, 934, 1002, 947, 1083, 1806, 1212]
[1190, 926, 987, 944, 1063, 1771, 1210]
[1189, 921, 980, 944, 1053, 1749, 1210]
[1184, 917, 974, 940, 1048, 1727, 1201]
[1183, 913, 971, 940, 1042, 1712, 1199]
[1180, 912, 966, 937, 1040, 1704, 1196]
[1180, 911, 966, 936, 1040, 1696, 1195]
[1181, 910, 965, 935, 1037, 1697, 1188]
[1175, 910, 967, 934, 1038, 1694, 1188]
[1176, 909, 963, 933, 1040, 1694, 1189]
[1174, 909, 963, 934, 1037, 1687, 1189]
[1176, 908, 962, 934, 1035, 1691, 1187]
[1175, 909, 964, 934, 1036, 1685, 1186]
[1174, 908, 962, 933, 1036, 1688, 1187]
[1175, 909, 962, 933, 1035, 1691, 1188]
[1175, 908, 961, 932, 1035, 1687, 1184]
[1174, 909, 962, 932, 1034, 1687, 1183]
[1175, 908, 963, 934, 1037, 1687, 1187]
[1174, 909, 964, 933, 1034, 1687, 1186]
