[1178, 910, 964, 935, 1038, 1689, 1193]
[1177, 910, 964, 935, 1038, 1693, 1190]
[1174, 914, 965, 934, 1038, 1696, 1193]
[1177, 910, 966, 937, 1038, 1694, 1190]
[1176, 910, 963, 932, 1037, 1703, 1187]
[1176, 909, 964, 934, 1039, 1697, 1188]
[1177, 909, 964, 934, 1038, 1693, 1190]
[1178, 910, 966, 933, 1039, 1697, 1190]
[1176, 909, 965, 934, 1038, 1692, 1190]
[1174, 910, 964, 934, 1038, 1692, 1186]
[1176, 910, 965, 932, 1037, 1692, 1189]
[1179, 911, 964, 934, 1039, 1693, 1189]
[1177, 910, 963, 933, 1038, 1693, 1189]
[1179, 909, 965, 934, 1039, 1698, 1191]
[1178, 909, 963, 935, 1036, 1693, 1186]
[1175, 912, 963, 934, 1037, 1690, 1190]
[1177, 911, 964, 937, 1036, 1694, 1190]
[1177, 911, 964, 934, 1038, 1695, 1186]
[1178, 911, 963, 934, 1038, 1695, 1188]
[1175, 911, 964, 934, 1037, 1695, 1189]
[1178, 910, 964, 935, 1039, 1697, 1189]
[1178, 910, 964, 934, 1039, 1695, 1189]
[1178, 909, 965, 935, 1039, 1691, 1189]
[1176, 909, 964, 934, 1039, 1696, 1193]
[1177, 912, 966, 935, 1038, 1696, 1191]
[1180, 912, 966, 934, 1040, 1698, 1190]
[1179, 912, 966, 934, 1041, 1701, 1193]
[1182, 912, 967, 934, 1042, 1703, 1193]
[1182, 915, 967, 937, 1046, 1706, 1198]
[1189, 916, 969, 941, 1047, 1715, 1199]
[1187, 920, 973, 938, 1054, 1731, 1200]
[1197, 925, 979, 939, 1067, 1751, 1205]
[1202, 937, 987, 941, 1090, 1784, 1209]
[1209, 952, 1000, 945, 1123, 1826, 1214]
[1208, 960, 1019, 947, 1158, 1841, 1218]
[1207, 955, 1051, 952, 1170, 1876, 1222]
[1200, 950, 1094, 957, 1141, 1949, 1229]
[1199, 944, 1105, 962, 1104, 2146, 1240]
[1200, 947, 1097, 961, 1082, 2206, 1268]
[1204, 956, 1080, 957, 1072, 2097, 1285]
[1207, 974, 1047, 951, 1071, 2062, 1290]
[1213, 1006, 1024, 950, 1075, 2108, 1269]
[1224, 1024, 1014, 949, 1089, 2140, 1243]
[1225, 1033, 1009, 946, 1115, 2077, 1231]
[1217, 1035, 1011, 946, 1137, 1953, 1222]
[1211, 982, 1022, 946, 1145, 1894, 1224]
[1205, 950, 1024, 949, 1117, 1856, 1216]
[1201, 940, 1013, 950, 1094, 1836, 1217]
[1200, 933, 1001, 949, 1079, 1809, 1213]
[1197, 928, 992, 947, 1069, 1787, 1215]
[1190, 924, 985, 944, 1060, 1762, 1213]
[1189, 920, 979, 944, 1054, 1741, 1209]
[1186, 916, 975, 943, 1048, 1724, 1202]
[1185, 914, 971, 939, 1045, 1715, 1199]
[1182, 916, 967, 936, 1043, 1707, 1197]
[1180, 911, 966, 938, 1041, 1698, 1192]
[1181, 910, 964, 934, 1040, 1692, 1190]
[1177, 909, 964, 935, 1039, 1691, 1191]
[1176, 911, 965, 935, 1038, 1692, 1190]
[1177, 910, 965, 934, 1037, 1693, 1190]
[1175, 910, 965, 934, 1038, 1693, 1190]
[1176, 910, 963, 934, 1037, 1692, 1188]
[1174, 911, 964, 933, 1036, 1694, 1188]
[1178, 909, 963, 933, 1036, 1691, 1188]
[1176, 908, 963, 934, 1038, 1689, 1186]
[1176, 910, 964, 934, 1036, 1685, 1186]
