[1204, 927, 985, 955, 1066, 1782, 1237]
[1199, 925, 986, 954, 1066, 1780, 1237]
[1201, 926, 985, 954, 1066, 1784, 1236]
[1202, 926, 986, 953, 1066, 1787, 1237]
[1200, 926, 986, 951, 1064, 1782, 1239]
[1198, 924, 985, 952, 1064, 1779, 1235]
[1200, 926, 986, 954, 1066, 1778, 1235]
[1201, 926, 985, 953, 1065, 1784, 1237]
[1201, 926, 985, 954, 1066, 1782, 1237]
[1201, 926, 985, 953, 1067, 1785, 1238]
[1201, 926, 985, 954, 1068, 1778, 1240]
[1199, 927, 985, 953, 1064, 1782, 1237]
[1199, 926, 987, 953, 1065, 1781, 1238]
[1202, 926, 987, 953, 1065, 1781, 1240]
[1200, 926, 986, 952, 1064, 1783, 1235]
[1203, 927, 986, 953, 1066, 1782, 1234]
[1200, 925, 985, 952, 1066, 1781, 1237]
[1200, 925, 986, 953, 1067, 1781, 1237]
[1199, 926, 984, 952, 1064, 1776, 1237]
[1199, 924, 985, 953, 1065, 1779, 1237]
[1199, 925, 985, 954, 1065, 1780, 1237]
[1201, 925, 985, 953, 1066, 1782, 1237]
[1201, 926, 985, 953, 1066, 1779, 1233]
[1199, 925, 984, 954, 1068, 1780, 1234]
[1199, 926, 985, 953, 1065, 1779, 1236]
[1199, 924, 984, 954, 1065, 1777, 1238]
[1200, 923, 984, 953, 1063, 1780, 1236]
[1200, 924, 984, 953, 1063, 1777, 1234]
[1199, 926, 984, 952, 1063, 1782, 1238]
[1203, 926, 984, 953, 1065, 1783, 1237]
[1200, 927, 985, 953, 1064, 1778, 1237]
[1199, 926, 985, 954, 1065, 1775, 1236]
[1201, 925, 985, 954, 1066, 1775, 1238]
[1198, 925, 986, 952, 1065, 1780, 1239]
[1202, 927, 985, 954, 1067, 1783, 1238]
[1203, 926, 985, 954, 1066, 1781, 1237]
[1204, 927, 986, 954, 1065, 1783, 1240]
[1204, 930, 985, 954, 1066, 1781, 1240]
[1203, 927, 985, 955, 1065, 1781, 1236]
[1203, 927, 986, 954, 1066, 1782, 1237]
[1200, 927, 986, 954, 1067, 1783, 1240]
[1205, 928, 988, 954, 1066, 1785, 1244]
[1204, 927, 988, 955, 1068, 1796, 1244]
[1207, 929, 990, 955, 1071, 1799, 1246]
[1209, 931, 990, 956, 1076, 1806, 1248]
[1216, 934, 995, 959, 1081, 1819, 1253]
[1220, 939, 999, 962, 1087, 1848, 1263]
[1225, 948, 1011, 963, 1099, 1896, 1271]
[1232, 961, 1028, 967, 1104, 2009, 1296]
[1236, 980, 1056, 968, 1093, 2176, 1344]
[1243, 1002, 1092, 969, 1082, 2061, 1482]
[1244, 1003, 1100, 976, 1077, 1922, 1542]
[1246, 1000, 1092, 975, 1073, 1873, 1404]
[1247, 985, 1062, 975, 1073, 1843, 1341]
[1242, 969, 1036, 972, 1071, 1829, 1311]
[1233, 959, 1019, 968, 1070, 1825, 1293]
[1231, 951, 1010, 965, 1070, 1821, 1281]
[1226, 945, 1004, 961, 1070, 1815, 1275]
[1221, 940, 1000, 960, 1068, 1808, 1266]
[1218, 937, 996, 961, 1071, 1804, 1262]
[1214, 933, 995, 958, 1070, 1803, 1257]
[1211, 932, 992, 958, 1066, 1798, 1253]
[1209, 931, 990, 957, 1068, 1791, 1248]
[1207, 930, 990, 956, 1065, 1789, 1248]
[1201, 929, 988, 956, 1065, 1788, 1241]
[1203, 927, 987, 954, 1066, 1786, 1240]
[1201, 927, 985, 954, 1066, 1784, 1243]
[1198, 927, 986, 954, 1065, 1779, 1238]
[1199, 925, 985, 953, 1063, 1780, 1241]
[1199, 925, 985, 951, 1063, 1777, 1236]
[1199, 924, 985, 953, 1063, 1779, 1237]
[1198, 925, 986, 952, 1065, 1783, 1235]
[1199, 926, 985, 953, 1066, 1781, 1235]
[1199, 926, 983, 953, 1065, 1781, 1235]
[1198, 924, 984, 952, 1064, 1776, 1238]
[1200, 924, 983, 952, 1064, 1778, 1234]
