[1214, 935, 994, 962, 1075, 1811, 1252]
[1216, 935, 995, 963, 1078, 1809, 1251]
[1217, 934, 995, 964, 1076, 1808, 1251]
[1219, 934, 995, 960, 1076, 1816, 1255]
[1214, 934, 998, 963, 1075, 1815, 1256]
[1216, 935, 995, 962, 1081, 1811, 1253]
[1215, 934, 994, 963, 1077, 1812, 1255]
[1215, 935, 994, 961, 1077, 1814, 1256]
[1217, 934, 996, 962, 1077, 1813, 1257]
[1216, 934, 995, 963, 1078, 1812, 1256]
[1214, 935, 996, 963, 1076, 1813, 1256]
[1218, 935, 995, 963, 1076, 1814, 1254]
[1217, 935, 995, 963, 1076, 1814, 1256]
[1213, 935, 995, 963, 1077, 1816, 1255]
[1219, 935, 993, 963, 1077, 1817, 1256]
[1218, 934, 994, 964, 1076, 1812, 1254]
[1219, 935, 996, 963, 1076, 1814, 1253]
[1215, 935, 999, 963, 1076, 1815, 1253]
[1218, 935, 996, 961, 1078, 1813, 1257]
[1217, 935, 995, 961, 1076, 1814, 1255]
[1218, 935, 996, 963, 1076, 1813, 1255]
[1219, 935, 996, 963, 1078, 1814, 1257]
[1217, 935, 995, 962, 1077, 1812, 1256]
[1216, 935, 995, 963, 1076, 1816, 1254]
[1216, 934, 996, 964, 1077, 1814, 1253]
[1218, 936, 996, 962, 1076, 1814, 1256]
[1220, 936, 996, 962, 1077, 1813, 1258]
[1219, 936, 996, 963, 1078, 1820, 1256]
[1221, 937, 996, 962, 1079, 1822, 1257]
[1229, 938, 999, 964, 1080, 1824, 1260]
[1228, 938, 1002, 964, 1084, 1830, 1264]
[1231, 942, 1000, 967, 1091, 1838, 1264]
[1234, 945, 1004, 965, 1094, 1855, 1267]
[1240, 951, 1008, 968, 1104, 1878, 1272]
[1251, 960, 1015, 969, 1123, 1910, 1276]
[1256, 973, 1029, 971, 1151, 1960, 1285]
[1264, 993, 1046, 974, 1188, 2042, 1292]
[1264, 1020, 1072, 975, 1201, 2217, 1304]
[1268, 1047, 1099, 977, 1168, 2727, 1323]
[1266, 1062, 1111, 976, 1136, 4735, 1355]
[1268, 1075, 1126, 976, 1116, 3852, 1409]
[1269, 1087, 1147, 977, 1102, 2640, 1508]
[1275, 1079, 1131, 977, 1097, 2249, 1625]
[1275, 1055, 1103, 978, 1093, 2084, 1595]
[1267, 1032, 1073, 977, 1093, 2001, 1486]
[1269, 1007, 1057, 978, 1087, 1960, 1406]
[1263, 986, 1038, 976, 1088, 1938, 1356]
[1253, 972, 1026, 973, 1088, 1915, 1321]
[1249, 961, 1019, 969, 1086, 1893, 1300]
[1239, 954, 1011, 969, 1086, 1883, 1283]
[1236, 948, 1006, 968, 1086, 1859, 1276]
[1233, 942, 1003, 967, 1086, 1845, 1265]
[1221, 938, 999, 967, 1083, 1826, 1262]
[1223, 936, 999, 965, 1080, 1821, 1258]
[1222, 936, 998, 963, 1077, 1816, 1254]
[1219, 935, 995, 962, 1077, 1815, 1253]
[1217, 935, 995, 960, 1075, 1813, 1254]
[1217, 934, 994, 960, 1077, 1809, 1253]
[1213, 933, 994, 962, 1076, 1814, 1253]
[1217, 933, 995, 962, 1076, 1811, 1253]
[1209, 932, 993, 962, 1074, 1804, 1249]
[1213, 932, 995, 962, 1074, 1809, 1252]
[1210, 932, 993, 959, 1075, 1808, 1253]
[1215, 932, 992, 960, 1074, 1811, 1249]
[1211, 931, 993, 959, 1074, 1807, 1249]
[1211, 932, 993, 960, 1074, 1804, 1250]
