[1202, 925, 983, 953, 1064, 1778, 1238]
[1201, 925, 985, 953, 1064, 1776, 1239]
[1200, 925, 985, 954, 1066, 1778, 1237]
[1200, 926, 986, 953, 1064, 1776, 1237]
[1205, 926, 986, 952, 1064, 1781, 1239]
[1200, 928, 989, 953, 1065, 1786, 1239]
[1203, 926, 985, 953, 1068, 1781, 1238]
[1201, 925, 985, 953, 1065, 1781, 1241]
[1201, 926, 985, 953, 1065, 1779, 1239]
[1199, 927, 986, 953, 1065, 1786, 1241]
[1204, 926, 986, 954, 1065, 1785, 1239]
[1203, 927, 988, 953, 1065, 1782, 1240]
[1203, 926, 986, 954, 1067, 1783, 1240]
[1202, 926, 987, 953, 1066, 1783, 1239]
[1202, 926, 987, 955, 1067, 1786, 1239]
[1203, 926, 987, 955, 1066, 1786, 1237]
[1203, 926, 986, 954, 1066, 1780, 1241]
[1206, 927, 988, 955, 1065, 1791, 1242]
[1201, 927, 990, 953, 1066, 1784, 1241]
[1203, 926, 987, 955, 1068, 1787, 1240]
[1204, 926, 986, 956, 1066, 1783, 1239]
[1204, 927, 985, 954, 1066, 1783, 1239]
[1203, 927, 986, 954, 1066, 1788, 1240]
[1204, 927, 986, 955, 1067, 1786, 1243]
[1204, 927, 987, 955, 1066, 1785, 1242]
[1206, 927, 988, 955, 1068, 1791, 1244]
[1206, 928, 987, 956, 1069, 1795, 1242]
[1207, 928, 987, 955, 1069, 1796, 1246]
[1211, 929, 989, 956, 1072, 1801, 1245]
[1212, 931, 991, 956, 1074, 1801, 1249]
[1219, 932, 991, 959, 1075, 1811, 1250]
[1217, 934, 997, 959, 1081, 1814, 1252]
[1222, 939, 997, 961, 1093, 1836, 1260]
[1226, 945, 1003, 963, 1101, 1858, 1262]
[1237, 953, 1013, 963, 1120, 1894, 1270]
[1238, 967, 1024, 966, 1139, 1955, 1278]
[1242, 982, 1044, 968, 1143, 2067, 1289]
[1244, 995, 1065, 971, 1121, 2293, 1312]
[1249, 1005, 1081, 971, 1100, 2412, 1360]
[1248, 1012, 1099, 970, 1088, 2164, 1449]
[1250, 1012, 1092, 972, 1080, 2000, 1524]
[1253, 1003, 1076, 972, 1079, 1921, 1445]
[1251, 992, 1056, 972, 1076, 1885, 1376]
[1254, 977, 1038, 972, 1073, 1864, 1337]
[1246, 964, 1027, 969, 1076, 1845, 1315]
[1238, 956, 1015, 967, 1076, 1838, 1300]
[1230, 949, 1009, 966, 1073, 1837, 1288]
[1222, 940, 998, 961, 1074, 1824, 1267]
[1220, 938, 997, 961, 1073, 1822, 1258]
[1217, 934, 995, 960, 1073, 1811, 1256]
[1212, 932, 991, 959, 1073, 1802, 1253]
[1210, 931, 991, 959, 1070, 1801, 1249]
[1207, 930, 989, 957, 1070, 1794, 1245]
[1209, 930, 990, 957, 1070, 1792, 1242]
[1210, 928, 988, 956, 1066, 1788, 1242]
[1204, 928, 990, 957, 1067, 1787, 1241]
[1207, 928, 986, 955, 1071, 1786, 1242]
[1207, 928, 988, 955, 1067, 1786, 1244]
[1203, 927, 987, 955, 1067, 1784, 1241]
[1204, 928, 986, 956, 1067, 1788, 1242]
[1203, 927, 988, 955, 1068, 1789, 1240]
[1204, 928, 987, 954, 1067, 1788, 1241]
[1207, 927, 987, 956, 1068, 1787, 1243]
[1204, 927, 987, 954, 1066, 1785, 1240]
[1202, 927, 987, 955, 1068, 1787, 1242]
[1202, 928, 989, 955, 1068, 1788, 1239]
