[1209, 929, 989, 957, 1070, 1797, 1245]
[1209, 929, 989, 958, 1071, 1794, 1245]
[1206, 929, 989, 957, 1070, 1796, 1245]
[1206, 930, 990, 959, 1070, 1798, 1250]
[1210, 931, 989, 959, 1071, 1794, 1243]
[1207, 931, 990, 957, 1069, 1797, 1242]
[1206, 930, 989, 956, 1072, 1793, 1244]
[1207, 929, 989, 958, 1069, 1796, 1244]
[1205, 929, 990, 957, 1070, 1796, 1244]
[1210, 929, 990, 959, 1070, 1795, 1243]
[1206, 929, 990, 958, 1070, 1794, 1245]
[1207, 930, 990, 958, 1071, 1792, 1248]
[1208, 930, 991, 957, 1071, 1803, 1246]
[1208, 931, 990, 958, 1069, 1800, 1244]
[1210, 931, 989, 956, 1072, 1800, 1247]
[1210, 931, 990, 957, 1071, 1800, 1247]
[1207, 930, 991, 958, 1070, 1791, 1246]
[1211, 930, 990, 958, 1071, 1796, 1246]
[1211, 931, 991, 958, 1070, 1797, 1247]
[1208, 930, 991, 958, 1070, 1796, 1248]
[1208, 931, 990, 957, 1070, 1796, 1245]
[1211, 931, 992, 958, 1070, 1802, 1245]
[1211, 932, 992, 959, 1071, 1799, 1250]
[1213, 932, 992, 959, 1073, 1802, 1247]
[1212, 932, 992, 961, 1073, 1801, 1253]
[1215, 931, 991, 959, 1073, 1804, 1249]
[1214, 933, 993, 960, 1073, 1806, 1251]
[1216, 934, 993, 959, 1076, 1815, 1254]
[1223, 936, 994, 960, 1081, 1819, 1255]
[1232, 942, 998, 963, 1091, 1842, 1262]
[1245, 952, 1002, 963, 1105, 1869, 1268]
[1266, 969, 1007, 964, 1131, 1920, 1275]
[1287, 1000, 1011, 965, 1147, 2029, 1286]
[1296, 1046, 1014, 965, 1121, 2284, 1306]
[1298, 1060, 1017, 967, 1103, 2300, 1340]
[1293, 1039, 1020, 966, 1093, 2067, 1362]
[1275, 1001, 1018, 966, 1088, 1969, 1342]
[1265, 977, 1015, 967, 1085, 1913, 1316]
[1251, 962, 1012, 966, 1084, 1885, 1296]
[1238, 953, 1006, 964, 1083, 1860, 1284]
[1231, 946, 1003, 966, 1079, 1844, 1271]
[1226, 941, 1000, 965, 1078, 1834, 1266]
[1222, 938, 997, 962, 1078, 1827, 1259]
[1221, 935, 996, 962, 1077, 1816, 1255]
[1215, 934, 994, 960, 1075, 1813, 1250]
[1212, 932, 992, 959, 1076, 1805, 1250]
[1212, 932, 991, 958, 1073, 1801, 1249]
[1209, 932, 991, 960, 1071, 1800, 1250]
[1209, 931, 992, 958, 1071, 1798, 1249]
[1208, 932, 991, 958, 1070, 1802, 1245]
[1207, 931, 990, 959, 1071, 1800, 1247]
[1209, 931, 990, 957, 1070, 1797, 1243]
[1209, 931, 991, 960, 1071, 1797, 1247]
[1210, 931, 992, 960, 1071, 1802, 1247]
[1208, 931, 992, 960, 1072, 1796, 1245]
[1210, 932, 992, 961, 1074, 1803, 1249]
[1210, 931, 991, 959, 1072, 1804, 1245]
[1210, 932, 992, 959, 1072, 1803, 1249]
