(0.66666666666666663, 0.61088579132500453, 0.010126825395603544)
(0.79471562260712503, 0.62094086171664864, 0.025911600015916646)
(0.79463044636105196, 0.61036047533907511, 0.060030435308444624)
(0.74171605753082126, 0.60537725795227204, 0.10143321308622241)
(0.57019990656038311, 0.60726601339885777, 0.13668321308622239)
(0.54235378620114605, 0.61151722116301732, 0.16230410286552657)
(0.4599965380784849, 0.62915204537427249, 0.17241029307065162)
(0.43387876884326948, 0.64752141283563114, 0.15510473751509607)
(0.24061298304474765, 0.67606961578207392, 0.12309084862620716)
(0.18884500254618694, 0.7077104740805763, 0.085868626403984974)
(0.16801562322347835, 0.74797251091482786, 0.048938070848429417)
(0.15279782987174312, 0.75940179341137071, 0.026895169604794301)
