(0.77714965076669795, 0.63652588358008899, 0.020363234538941975)
(0.76817959106595957, 0.64992400251352733, 0.052904652257464484)
(0.75867947682919601, 0.646193946218107, 0.098376874479686682)
(0.69971991136892087, 0.64484191360074061, 0.14364076336857559)
(0.57417410921610612, 0.63621922265460773, 0.18299182225102531)
(0.52161483429912092, 0.62652999342319526, 0.21839460002880309)
(0.47646514002525248, 0.61232021521210978, 0.23674997874174861)
(0.44729266762475178, 0.59830541672744963, 0.24029164540841524)
(0.2328520666809783, 0.58362629604766103, 0.22666664540841525)
(0.17172127106143192, 0.56693902734696522, 0.20112497874174862)
(0.15433392715265054, 0.5522945205428047, 0.16865275651952638)
(0.12454052722322408, 0.55320464967359717, 0.12643053429730414)
(0.090824101373818661, 0.55535469580742569, 0.089589293421391741)
(0.06510242606774426, 0.55516468593644808, 0.057228999303744643)
