(-1, -1, 0.0)
(-1, -1, 0.0)
(-1, -1, 0.0)
(-1, -1, 0.0)
(-1, -1, 0.0)
(-1, -1, 0.0)
(-1, -1, 0.0)
(-1, -1, 0.0)
(-1, -1, 0.0)
(-1, -1, 0.0)
(-1, -1, 0.0)
(-1, -1, 0.0)
(-1, -1, 0.0)
(-1, -1, 0.0)
(-1, -1, 0.0)
(-1, -1, 0.0)
(-1, -1, 0.0)
(-1, -1, 0.0)
(-1, -1, 0.0)
(-1, -1, 0.0)
(-1, -1, 0.0)
(-1, -1, 0.0)
(-1, -1, 0.00085575440305178316)
(-1, -1, 0.0088456290138139299)
(0.0, 0.70481681153707076, 0.023188138755479405)
(0.052626585126363187, 0.70166416779474261, 0.047489148505778053)
(0.10061505493220978, 0.65385051646664616, 0.090722872526296211)
(0.15361033460688581, 0.61271881930738736, 0.14695898363740731)
(0.17012159707465901, 0.5750751824054593, 0.2052228725262962)
(0.24304944369001893, 0.54806316849753756, 0.24984787252629617)
(0.42896866718324145, 0.45489738727122253, 0.27280620585962956)
(0.48538276006724601, 0.43680493942868159, 0.27248658242484297)
(0.54769757445100653, 0.42112041978002679, 0.24541713798039855)
(0.59848328957379793, 0.40570764104243651, 0.19708916135512458)
(0.79031880947386202, 0.37907870342396666, 0.13692249468845791)
(0.81061903078809028, 0.34384978747262412, 0.080448522440989351)
(0.86342191060173412, 0.29079519001130411, 0.033295744663211585)
(0.94369909392428564, 0.3235894342320137, 0.010560594848048444)
(-1, -1, 0.0029217059591595553)
(-1, -1, 0.0)
(-1, -1, 0.0)
(-1, -1, 0.0)
(-1, -1, 0.0)
(-1, -1, 0.0)
(-1, -1, 0.0)
(-1, -1, 0.0)
(-1, -1, 0.0)
(-1, -1, 0.0)
(-1, -1, 0.0)
(-1, -1, 0.0)
(-1, -1, 0.0)
(-1, -1, 0.0)
(-1, -1, 0.0)
(-1, -1, 0.0)
(-1, -1, 0.0)
(-1, -1, 0.0)
(-1, -1, 0.0)
