(0.46281014498639883, 0.95055543712174873, 0.035749066872811479)
(0.50248412615172877, 0.91847276205603656, 0.068540733539478135)
(0.54880098763131679, 0.84032008945800796, 0.18198340097739704)
(0.56094667751115945, 0.7954233449432353, 0.20908062319961926)
(0.55412241979213506, 0.74321727613044752, 0.22205284542184148)
(0.53140962114890233, 0.67890098410315081, 0.22730284542184145)
(0.46900611413973975, 0.4371004037869915, 0.23317292451585545)
(0.43711891611974074, 0.58391902008725027, 0.23165903562696652)
(0.39321735298390381, 0.65881184907472323, 0.22868681340474431)
(0.37936009525171599, 0.72123376174334064, 0.22077014673807765)
(0.39571346053361678, 0.76409723735088519, 0.21056181340474431)
(0.42771893561595498, 0.80209874050944285, 0.19110348007141098)
(0.46063383745945286, 0.82743521803562325, 0.16533959118252209)
(0.490319145770586, 0.84039016980111247, 0.13652014673807766)
(0.52251765503127001, 0.80003602274623198, 0.053782893259409804)
(0.52656582924585726, 0.76068492642398011, 0.029852337703854242)
(0.53566434227111803, 0.69589027076857368, 0.017486194511011768)
