(0.39789225980018661, 0.94707555016360045, 0.021166916917500559)
(0.49758422262021268, 0.90601081472790035, 0.053425619386811389)
(0.5516789777549197, 0.77956252059317932, 0.20060223653788914)
(0.54665669768982916, 0.72828547973823532, 0.21442168098233352)
(0.46624864040192993, 0.58867966498497482, 0.22330478852042096)
(0.4379676474657086, 0.65267029538332366, 0.220179788520421)
(0.39984626993503553, 0.72253770460060929, 0.21294367740930989)
(0.39726984214453359, 0.77088980208621094, 0.203054788520421)
(0.41890388421129593, 0.80766537767800084, 0.18737423296486547)
(0.45133936660660368, 0.83104894953273778, 0.16030478852042099)
(0.48035498750315381, 0.84416236707884118, 0.12552701074264322)
(0.49658790549658427, 0.84171619830871247, 0.088540899631532111)
(0.51989426646395365, 0.81659086326509478, 0.055018308273332393)
(0.56296621189746843, 0.78301264097859746, 0.024736361361945)
