(0.16359412415111416, 0.38199250578409916, 0.027366420203853672)
(0.1764766416924555, 0.33736173690374749, 0.05753375855948889)
(0.18843579197867072, 0.32440907337246355, 0.092033758559488907)
(0.1989042397469217, 0.31740826075020673, 0.12699209189282223)
(0.19882845868000304, 0.30978235540645099, 0.16121431411504447)
(0.2035011677773774, 0.30569803924116301, 0.19158931411504443)
(0.20587572031689313, 0.30459211888312054, 0.21510320300393335)
(0.20854593247516751, 0.30267772562227657, 0.22808931411504443)
(0.21162907966809869, 0.30056680100519101, 0.23076986967060001)
(0.21117726071293727, 0.30776368284079714, 0.22024209189282226)
(0.2102331788061359, 0.31157349196001155, 0.19800598078171111)
(0.20627659840676835, 0.31103370808307684, 0.16558931411504443)
(0.20645081122485942, 0.3056779750928309, 0.12693653633726665)
(0.19683323796155885, 0.30215182773137572, 0.086617091892822226)
(0.18078487193522466, 0.3045565364463238, 0.048672647448377786)
(0.16705005904377115, 0.32359637500439531, 0.023859689750310234)
