(0.70458945998210321, 0.292557202739962, 0.040113801708143985)
(0.7600025069536247, 0.27540590639585422, 0.070338601624237787)
(0.75807976474303562, 0.260650664045456, 0.1069774905131267)
(0.75737508270912224, 0.26073328279317803, 0.14631082384645999)
(0.75362159891144498, 0.26250807543876503, 0.18542193495757112)
(0.75066940561657358, 0.26455838979889279, 0.21901915717979337)
(0.74664613047486728, 0.26669089863614331, 0.24481082384646005)
(0.74693693227753233, 0.26789258980493513, 0.25761637940201559)
(0.74815745207356632, 0.26802274834194573, 0.2550191571797934)
(0.75066664599788924, 0.26642684813756179, 0.23597749051312669)
(0.75472058936498809, 0.26330348610689946, 0.20193582384646)
(0.76134343571033392, 0.26601003988635252, 0.15829693495757113)
(0.77212707746083886, 0.27354214047874081, 0.11075526829090447)
(0.78160562394213462, 0.26462076797082346, 0.06635249051312668)
(0.74755804012280769, 0.24719681336856614, 0.029472980298872596)
