(-1, -1, 0.0)
(-1, -1, 0.0)
(-1, -1, 0.0)
(-1, -1, 0.0)
(-1, -1, 0.0)
(-1, -1, 0.0)
(-1, -1, 0.0)
(-1, -1, 0.0)
(-1, -1, 0.0)
(-1, -1, 0.0)
(-1, -1, 0.0)
(-1, -1, 0.0)
(-1, -1, 0.0)
(-1, -1, 0.0)
(-1, -1, 0.0)
(-1, -1, 0.0)
(-1, -1, 0.0)
(-1, -1, 0.0)
(-1, -1, 0.0)
(-1, -1, 0.0)
(-1, -1, 0.0)
(-1, -1, 0.0)
(-1, -1, 0.0)
(-1, -1, 0.0)
(-1, -1, 0.0)
(-1, -1, 0.0)
(-1, -1, 0.0)
(-1, -1, 0.0)
(-1, -1, 0.0)
(-1, -1, 0.0)
(-1, -1, 0.0)
(-1, -1, 0.0)
(-1, -1, 0.0018962741595675858)
(0.33333333333333331, 0.88459294377264486, 0.014934572540798476)
(0.47796686813653988, 0.85445920641930262, 0.042601500275146004)
(-1, 0.84309653940383522, 0.081823722497368231)
(-1, 0.83781867448341085, 0.12235150027514601)
(-1, 0.80562826661665166, 0.16105983360847934)
(0.56154518414896504, 0.75960558233735254, 0.19489861434313435)
(0.57368608902467311, 0.71172104284517146, 0.21585694767646768)
(0.57209351633981309, 0.64057517535586062, 0.22602361434313437)
(0.552422502012897, 0.41960541440137578, 0.23162083656535656)
(0.52364365604285401, 0.38671920853435859, 0.23480139212091214)
(0.48727353597364942, 0.39603328986332731, 0.23389861434313433)
(0.46020513546646619, 0.58372210985198292, 0.23128205583070155)
(0.45209970868146926, 0.66221176222024636, 0.22476816694181267)
(0.45178096285351288, 0.7166223302961956, 0.21040705583070154)
(0.45848588888779279, 0.75041774345042878, 0.18762927805292379)
(0.47202349483296008, 0.776239918524392, 0.15685150027514602)
(0.48891855789112315, 0.7970813814217087, 0.12155983360847933)
(-1, 0.79996418414366055, 0.084573722497368234)
(0.54736067291192336, 0.78030419494739589, 0.051840429136310255)
(0.57891610552760442, 0.74219558178826117, 0.026270984691865805)
(-1, 0.70857716098238255, 0.01425269136461144)
(-1, -1, 0.0057110246979447709)
(-1, -1, 0.00013676645814717265)
(-1, -1, 0.0)
(-1, -1, 0.0)
(-1, -1, 0.0)
(-1, -1, 0.0)
(-1, -1, 0.0)
(-1, -1, 0.0)
(-1, -1, 0.0)
(-1, -1, 0.0)
(-1, -1, 0.0)
(-1, -1, 0.0)
