(-1, -1, 0.0)
(-1, -1, 0.0)
(-1, -1, 0.0)
(-1, -1, 0.0)
(-1, -1, 0.0)
(-1, -1, 0.0)
(-1, -1, 0.0)
(-1, -1, 0.0)
(-1, -1, 0.0)
(-1, -1, 0.0)
(-1, -1, 0.0)
(-1, -1, 0.0)
(-1, -1, 0.0)
(-1, -1, 0.0)
(-1, -1, 0.0)
(-1, -1, 0.0)
(-1, -1, 0.0)
(-1, -1, 0.0)
(-1, -1, 0.0)
(-1, -1, 0.0)
(-1, -1, 0.0)
(-1, -1, 0.0)
(-1, -1, 0.0)
(-1, -1, 0.0)
(-1, -1, 0.0)
(-1, -1, 0.0)
(-1, -1, 0.0)
(-1, -1, 0.0)
(-1, -1, 0.0)
(-1, -1, 0.0)
(-1, -1, 0.0)
(-1, 1.0, 0.011146921356909386)
(0.5087085552423154, 0.8971558193949285, 0.040812261332458577)
(0.53384560673203829, 0.86843981696706951, 0.079764918372919269)
(-1, 0.84517491021483337, 0.12354441580228588)
(0.55281910811688451, 0.8092377063465811, 0.1661138602467303)
(0.56176379872756776, 0.76440587429150042, 0.19970275755838252)
(0.56044136764334551, 0.7135349541258722, 0.22228609089171589)
(0.54630772139978201, 0.63756648993014609, 0.23557775755838251)
(-1, 0.42190314521269334, 0.24468886866949363)
(0.48814806922859966, 0.4009848263995206, 0.25132219358006369)
(0.46214789979270393, 0.42287591420558124, 0.25316941580228591)
(0.44809078616016051, 0.6192225420551104, 0.25118330469117478)
(0.43305236317709661, 0.69211660070745329, 0.24361386024673032)
(0.43607627243466096, 0.73977522187259492, 0.22809997135784144)
(0.45547174196789725, 0.77086031902886298, 0.20493330469117477)
(0.47805183376264215, 0.79462817625877591, 0.17537774913561918)
(0.50349608359953957, 0.81063924178138191, 0.1459888602467303)
(-1, 0.80991003279754459, 0.11911386024673033)
(0.53720802267593581, 0.79984975684445969, 0.094947193580063663)
(0.53871033985501471, 0.78308218759150161, 0.07455658503958594)
(0.54859737265235797, 0.76768867823090647, 0.054612140595141509)
(0.55487898467525243, 0.75952055361896376, 0.035001029484030395)
(0.58169782158207073, 0.71981311358166122, 0.019257151648135303)
(-1, 0.65678144709201269, 0.0096321516481353026)
(-1, -1, 0.0010530325933604619)
(-1, -1, 0.0)
(-1, -1, 0.0)
(-1, -1, 0.0)
(-1, -1, 0.0)
(-1, -1, 0.0)
(-1, -1, 0.0)
